13.29941,52.52953
13.29993,52.5295
13.30116,52.52934
13.30155,52.52926
13.30466,52.52882
13.3051,52.52878
13.30567,52.52878
13.30652,52.52885
13.3075,52.52899
13.30832,52.52911
13.309,52.5292
13.31117,52.52952
13.31196,52.52967
13.31275,52.52992
13.31345,52.53014
13.31398,52.53027
13.31411,52.5303
13.31437,52.53035
13.31452,52.52995
13.31465,52.5296
13.31498,52.5295
13.31712,52.52878
13.3193,52.52835
13.3204,52.52826
13.3249,52.5278
13.32744,52.52752
13.32777,52.52744
13.32895,52.52731
13.33102,52.5271
13.33452,52.52679
13.33828,52.52643
13.33904,52.52637
13.33983,52.52633
13.34215,52.52628
13.34307,52.52625
13.34325,52.52625
13.34328,52.52636
13.34331,52.52648
13.34334,52.52671
13.34335,52.52718
13.34335,52.52813
13.34334,52.52887
13.34341,52.52887
13.34377,52.52906
13.34528,52.52982
13.34534,52.52988
13.3462,52.53031
13.35001,52.53222
13.35009,52.53223
13.3504,52.53237
13.35063,52.53249
13.35196,52.53317
13.35207,52.53322
13.35211,52.53328
13.3551,52.53479
13.35672,52.53561
13.35796,52.53622
13.35906,52.53673
13.36009,52.53721
13.36044,52.53731
13.36152,52.5378
13.36234,52.5382
13.36266,52.53834
13.36276,52.53845
13.36528,52.53965
13.36757,52.54072
13.36778,52.54084
13.36796,52.54086
13.36864,52.54112
13.36971,52.54161
13.36989,52.54179
13.36994,52.54188
13.36995,52.54205
13.36986,52.54287
13.3698,52.54316
13.36978,52.54355
13.3698,52.54367
13.36985,52.54384
13.37002,52.54421
13.37065,52.54526
13.37078,52.54549
13.37089,52.54563
13.3723,52.54652
13.37489,52.54812
13.37594,52.54878
13.37594,52.54878
13.37717,52.54954
13.37761,52.54983
13.37827,52.55021
13.37879,52.55053
13.38146,52.55221
13.38185,52.5525
13.38212,52.55278
13.38249,52.55329
13.38343,52.55459
13.38402,52.5554
13.38426,52.55574
13.38458,52.55572
13.38761,52.55548
13.38958,52.55532
13.3903,52.55524
13.39139,52.55517
13.39189,52.55512
13.39232,52.55506
13.39392,52.55492
13.39644,52.55469
13.39671,52.55471
13.39706,52.55473
13.39824,52.55466
13.39934,52.55458
13.39993,52.55447
13.40101,52.5544
13.40177,52.55434
13.40278,52.5543
13.40631,52.55412
13.41033,52.55386
13.41434,52.55361
13.414,52.55208
13.4138,52.55097
13.41374,52.55062
13.41391,52.55061
13.41419,52.55058
13.41489,52.55041
13.41724,52.54984
13.41992,52.54894
13.42066,52.54868
13.4223,52.54797
13.4233,52.54753
13.42615,52.5463
13.42762,52.54564
13.42728,52.5447
13.4272,52.54449
13.42701,52.54412
13.4269,52.54394
13.42676,52.54376
13.42645,52.54323
13.42596,52.54238
13.42513,52.54099
13.42456,52.54007
13.42414,52.53932
13.42411,52.53926
13.42407,52.5392
13.42402,52.53908
13.4229,52.53721
13.42271,52.53685
13.42189,52.5355
13.42137,52.53463
13.42079,52.53364
13.41999,52.5323
13.41949,52.53145
13.41936,52.53122
13.41897,52.5307
13.41855,52.53018
13.41837,52.52998
13.41782,52.5294
13.41738,52.52897
13.41709,52.52872
13.41679,52.5284
13.41648,52.52813
13.41577,52.52733
13.41539,52.52692
13.41497,52.52653
13.41444,52.52605
13.41396,52.52565
13.41224,52.52429
13.41149,52.52372
13.41023,52.52291
13.40973,52.5226
13.40951,52.52249
13.40816,52.52182
13.40608,52.52079
13.40578,52.52068
13.4048,52.52017
13.40463,52.52005
13.405,52.51981
13.40535,52.51958
13.40566,52.51943
13.40645,52.51887
13.40673,52.51865
13.40706,52.51839
13.40772,52.51791
13.40877,52.51712
13.40893,52.517
13.40857,52.51666
13.40767,52.51582
13.40745,52.51563
13.40745,52.51563
13.40646,52.51478
13.406,52.51437
13.40567,52.51411
13.4067,52.51339
13.40805,52.51248
13.40826,52.51234
13.40881,52.51197
13.41007,52.51059
13.41075,52.51001
13.4112,52.50962
13.41343,52.50838
13.41413,52.50799
13.41329,52.5069
13.41176,52.50491
13.41111,52.50413
13.41099,52.50406
13.4108,52.50386
13.41074,52.50387
13.41048,52.50381
13.41037,52.50372
13.41034,52.50366
13.41036,52.50361
13.41046,52.50347
13.4105,52.50345
13.41053,52.50343
13.40923,52.50175
13.40785,52.5
13.41078,52.49921
13.41138,52.49907
13.41227,52.49885
13.4122,52.49866
13.41217,52.49853
13.41234,52.49853
13.41308,52.4985
13.4141,52.49843
13.41472,52.49851
13.41581,52.49868
13.41695,52.49882
13.41743,52.49885
13.41796,52.49888
13.41799,52.49886
13.4181,52.49882
13.41832,52.49879
13.41889,52.49781
13.41936,52.49696
13.41952,52.49667
13.41975,52.49639
13.41993,52.49615
13.42013,52.49586
13.42034,52.49562
13.42078,52.49502
13.42148,52.49389
13.42204,52.49297
13.42225,52.49265
13.4228,52.49176
13.42325,52.49099
13.42355,52.4905
13.424,52.48982
13.42431,52.48934
13.42446,52.48906
13.42505,52.48809
13.42513,52.4879
13.42515,52.48782
13.42521,52.4878
13.42529,52.48777
13.42529,52.48777
13.42765,52.48696
13.42893,52.48649
13.42891,52.48571
13.42884,52.48437
13.42881,52.48426
13.4308,52.48337
13.43141,52.48309
13.43281,52.48246
13.43331,52.4822
13.43384,52.48182
13.43524,52.48086
13.4353,52.48081
13.43541,52.48081
13.4365,52.48001
13.43707,52.4796
13.43732,52.47927
13.43802,52.47829
13.43847,52.47767
13.43846,52.47758
13.43891,52.47697
13.4391,52.47663
13.43947,52.47586
13.43954,52.4757
13.43963,52.47566
13.43978,52.47528
13.43998,52.47481
13.44044,52.47405
13.44061,52.47372
13.44098,52.47308
13.4411,52.47274
13.44118,52.47228
13.44128,52.47172
13.44121,52.47168
13.44126,52.47143
13.44132,52.47112
13.4414,52.47107
13.44144,52.47087
13.44162,52.46984
13.44156,52.46977
13.44157,52.46972
13.44166,52.46925
13.44176,52.46863
13.44183,52.46816
13.44185,52.46805
13.44193,52.46799
13.442,52.46766
13.44209,52.4672
13.44232,52.46593
13.4424,52.46566
13.44246,52.46552
13.4427,52.46518
13.4429,52.46497
13.44365,52.46423
13.44409,52.46374
13.44451,52.46314
13.44454,52.46309
13.44442,52.46308
13.44359,52.46304
13.44182,52.46301
13.44128,52.46297
13.44057,52.46291
13.44008,52.46284
13.43923,52.46278
13.43784,52.46264
13.43645,52.46245
13.43486,52.46226
13.43383,52.46216
13.43289,52.4621
13.4303,52.462
13.42923,52.46191
13.42806,52.46174
13.42601,52.46143
13.42507,52.46135
13.42431,52.46138
13.42273,52.46152
13.42171,52.46154
13.42131,52.46153
13.4209,52.46148
13.42053,52.46142
13.41986,52.46126
13.41886,52.46101
13.41817,52.46087
13.41741,52.46078
13.41656,52.46073
13.41496,52.46078
13.41404,52.46084
13.41229,52.46104
13.41137,52.46117
13.40956,52.46146
13.40738,52.46186
13.40623,52.4621
13.40559,52.46229
13.40515,52.46247
13.40459,52.46276
13.4041,52.46309
13.40354,52.46359
13.40304,52.46406
13.40259,52.46444
13.40226,52.46467
13.4019,52.46488
13.40153,52.46507
13.40094,52.4653
13.4004,52.46548
13.39977,52.46566
13.39858,52.46599
13.39756,52.46631
13.39631,52.46675
13.39443,52.46755
13.39242,52.46843
13.39144,52.46881
13.39054,52.46909
13.38972,52.4693
13.38868,52.46951
13.38776,52.46966
13.38722,52.46971
13.38604,52.46981
13.38517,52.46985
13.38349,52.46992
13.3796,52.47002
13.37776,52.4701
13.37715,52.47013
13.37687,52.47022
13.3763,52.47029
13.37421,52.47058
13.37367,52.4706
13.3734,52.47057
13.37315,52.47051
13.37297,52.47044
13.37275,52.47033
13.37247,52.47015
13.37208,52.46991
13.37186,52.47005
13.37166,52.47016
13.37128,52.47035
13.37074,52.47056
13.37,52.47088
13.36978,52.47097
13.36963,52.47098
13.36945,52.4711
13.36924,52.47125
13.3687,52.47166
13.36855,52.47176
13.36775,52.47215
13.36773,52.47221
13.36657,52.47284
13.36555,52.47329
13.36393,52.47405
13.36322,52.47432
13.36275,52.47445
13.36219,52.47458
13.36153,52.47476
13.36115,52.47488
13.3608,52.47504
13.3597,52.47554
13.35918,52.47579
13.35754,52.47656
13.35684,52.47706
13.35585,52.47784
13.35522,52.47826
13.35416,52.479
13.35347,52.47951
13.35323,52.4797
13.35296,52.47984
13.35249,52.48005
13.34912,52.48154
13.34833,52.48188
13.34809,52.48199
13.34734,52.48239
13.34683,52.48266
13.34651,52.48298
13.34557,52.48418
13.34528,52.48461
13.34518,52.48487
13.34516,52.4852
13.34517,52.48542
13.3452,52.48646
13.34518,52.48801
13.34515,52.48868
13.34516,52.48916
13.34521,52.49058
13.34525,52.49185
13.34533,52.49336
13.34555,52.49365
13.34588,52.49407
13.34601,52.49433
13.34618,52.49484
13.34625,52.49506
13.34627,52.49528
13.34628,52.49558
13.34627,52.49626
13.34622,52.49731
13.34615,52.49859
13.34611,52.49925
13.3461,52.49974
13.34612,52.49988
13.34618,52.50003
13.34626,52.50025
13.34648,52.50051
13.34661,52.50065
13.34692,52.50089
13.34699,52.50095
13.34713,52.50106
13.34641,52.50121
13.34499,52.50151
13.34499,52.50151
13.34421,52.50167
13.34388,52.50182
13.34355,52.50195
13.34325,52.50205
13.34281,52.50212
13.34232,52.50217
13.34197,52.50223
13.34167,52.50231
13.34077,52.50266
13.33945,52.50319
13.33647,52.50436
13.33618,52.50443
13.33596,52.50445
13.3352,52.50451
13.33462,52.50452
13.33425,52.50448
13.33395,52.50443
13.33143,52.50389
13.33145,52.50398
13.33157,52.50478
13.33167,52.50523
13.33185,52.50553
13.33216,52.50587
13.33256,52.50621
13.33189,52.50651
13.32992,52.50743
13.32685,52.50884
13.3261,52.50919
13.32515,52.50983
13.32312,52.51126
13.32284,52.51149
13.32251,52.5118
13.32246,52.51187
13.32244,52.51194
13.32246,52.51201
13.32255,52.51215
13.32267,52.51221
13.32276,52.51229
13.32284,52.51238
13.32305,52.51249
13.3234,52.51262
13.32357,52.51265
13.32406,52.51269
13.32838,52.51298
13.32974,52.51305
13.33121,52.51313
13.33586,52.51345
13.33666,52.51353
13.33997,52.51374
13.34862,52.51433
13.34882,52.51431
13.3491,52.51421
13.34936,52.51407
13.34957,52.51398
13.34983,52.51392
13.3501,52.51389
13.35036,52.51391
13.35068,52.51397
13.35081,52.51403
13.35092,52.51411
13.35101,52.51419
13.35105,52.51424
13.35134,52.51441
13.35155,52.5145
13.35203,52.51458
13.35338,52.51467
13.36029,52.51512
13.36617,52.51549
13.36923,52.51567
13.36972,52.5157
13.36972,52.5157