14.54667,52.33738
14.54689,52.33722
14.54702,52.33723
14.54725,52.3373
14.54766,52.3375
14.54775,52.33758
14.54774,52.33763
14.54754,52.33783
14.54741,52.33794
14.54736,52.33802
14.54703,52.33789
14.54667,52.33772
14.54637,52.33761
14.54624,52.3377
14.54577,52.33799
14.54569,52.33804
14.54557,52.33816
14.54554,52.33824
14.54554,52.33835
14.54563,52.33891
14.54574,52.339
14.54583,52.33907
14.54585,52.33914
14.54616,52.33971
14.54626,52.34001
14.5463,52.34049
14.5463,52.34066
14.54635,52.34174
14.54635,52.34192
14.54635,52.34198
14.54628,52.34209
14.54639,52.34326
14.5463,52.34352
14.54618,52.34368
14.54587,52.34391
14.54535,52.3442
14.54451,52.34464
14.54422,52.34478
14.54348,52.3447
14.54312,52.34467
14.54285,52.34469
14.54271,52.34478
14.54262,52.34495
14.54249,52.34544
14.54246,52.34555
14.54249,52.34561
14.54226,52.34658
14.54224,52.34665
14.54213,52.34664
14.54037,52.34651
14.53903,52.34638
14.53869,52.34632
14.53834,52.34662
14.5379,52.34692
14.53765,52.34708
14.53726,52.34727
14.536,52.34788
14.53444,52.34865
14.53393,52.34894
14.53372,52.34907
14.53338,52.34931
14.533,52.34964
14.53257,52.35008
14.53223,52.35058
14.53204,52.35092
14.53201,52.35097
14.53175,52.35147
14.53165,52.35174
14.53143,52.35174
14.53104,52.35172
14.53089,52.35174
14.53067,52.35179
14.52991,52.35203
14.52945,52.35219
14.52881,52.35245
14.52844,52.35266
14.5282,52.35285
14.52793,52.3531
14.52763,52.35342
14.52738,52.35362
14.52712,52.35378
14.52674,52.35394
14.5262,52.35411
14.52545,52.35428
14.52503,52.35435
14.52503,52.35441
14.52499,52.35446
14.52493,52.3545
14.52484,52.35452
14.52474,52.35451
14.52466,52.35448
14.52461,52.35443
14.52459,52.35441
14.52447,52.3544
14.52418,52.35445
14.52374,52.35452
14.52331,52.35466
14.52295,52.35481
14.52272,52.35495
14.52232,52.35526
14.52206,52.35542
14.52174,52.35558
14.52132,52.35572
14.52033,52.356
14.51938,52.35624
14.51893,52.35631
14.51866,52.35633
14.51698,52.3563
14.5165,52.35632
14.51606,52.35638
14.51562,52.35648
14.51519,52.35667
14.51497,52.35678
14.51399,52.35731
14.51378,52.35742
14.51356,52.35751
14.51324,52.35758
14.51287,52.35764
14.51247,52.35767
14.51149,52.35767
14.51085,52.3577
14.5097,52.35781
14.50948,52.35786
14.50868,52.35825
14.50796,52.35864
14.50756,52.35872
14.50714,52.35874
14.50684,52.35876
14.50661,52.35875
14.5062,52.35866
14.5058,52.35853
14.50554,52.3585
14.50599,52.35919
14.50636,52.35977
14.50646,52.35995
14.50652,52.36017
14.50645,52.36046
14.50627,52.36072
14.50611,52.36086
14.50586,52.36105
14.50566,52.36117
14.50436,52.36164
14.50142,52.36272
14.49914,52.36351
14.49425,52.36507
14.49233,52.3657
14.49186,52.36592
14.49164,52.36605
14.49144,52.3662
14.49123,52.36645
14.49113,52.3666
14.49099,52.36689
14.49094,52.36704
14.49089,52.36728
14.49081,52.36845
14.49076,52.36915
14.49072,52.36941
14.49068,52.36958
14.49063,52.3697
14.4905,52.36987
14.49033,52.37015
14.4904,52.37021
14.49039,52.3703
14.49032,52.37034
14.49025,52.37036
14.49016,52.37035
14.49008,52.37032
14.48952,52.37034
14.48703,52.37041
14.48424,52.37047
14.48376,52.3705
14.48278,52.37063
14.48238,52.37068
14.4818,52.37079
14.481,52.37107
14.48052,52.37125
14.48027,52.37131
14.47998,52.37136
14.47964,52.37137
14.47817,52.37145
14.47743,52.3715
14.47586,52.37164
14.47445,52.3718
14.47401,52.37186
14.47364,52.37189
14.47141,52.37209
14.47097,52.37214
14.47072,52.3722
14.46986,52.37248
14.4692,52.37266
14.46814,52.37285
14.46741,52.37299
14.46661,52.37324
14.46386,52.37418
14.46301,52.37446
14.46258,52.37451
14.46157,52.37455
14.46089,52.37465
14.46004,52.37488
14.45897,52.37527
14.45867,52.37539
14.45791,52.37565
14.45767,52.37569
14.45578,52.37633
14.4554,52.37649
14.45508,52.3767
14.45494,52.37684
14.45478,52.37703
14.45476,52.37713
14.45464,52.37724
14.45441,52.37744
14.45295,52.37794
14.45167,52.37838
14.45149,52.37839
14.45004,52.37889
14.4435,52.38113
14.43725,52.38327
14.43332,52.3846
14.4281,52.38639
14.42435,52.38766
14.41897,52.3895
14.41336,52.39142
14.40892,52.39292
14.40702,52.39357
14.405,52.39426
14.40228,52.39518
14.40125,52.39555
14.40082,52.39573
14.40028,52.39599
14.39923,52.39656
14.39889,52.39673
14.39847,52.3969
14.39808,52.39702
14.39773,52.3971
14.39741,52.39713
14.39698,52.39715
14.3964,52.39713
14.39528,52.39705
14.39407,52.39687
14.39407,52.39687
14.3934,52.39685
14.393,52.39685
14.39216,52.39687
14.39091,52.39697
14.38922,52.39714
14.3865,52.3974
14.38583,52.39746
14.38548,52.39752
14.38473,52.3977
14.38443,52.39779
14.38283,52.39845
14.38033,52.39941
14.37899,52.39995
14.37849,52.40014
14.37782,52.40031
14.37697,52.40046
14.37573,52.40064
14.37137,52.4013
14.37015,52.40151
14.36911,52.40167
14.36613,52.40207
14.36499,52.40225
14.36421,52.40243
14.36318,52.40275
14.36253,52.40296
14.36188,52.40311
14.36144,52.40316
14.361,52.40316
14.36054,52.40311
14.36,52.40296
14.3594,52.40273
14.35798,52.40223
14.35737,52.40201
14.35685,52.40187
14.3559,52.40167
14.3532,52.40106
14.35222,52.40083
14.3513,52.40049
14.34834,52.39919
14.34788,52.39901
14.34763,52.39895
14.34726,52.3989
14.34705,52.39889
14.3469,52.39891
14.34659,52.39892
14.34577,52.39895
14.34544,52.39899
14.34486,52.39914
14.34151,52.40017
14.34009,52.4006
14.33886,52.40098
14.33888,52.40104
14.33882,52.4011
14.33868,52.40111
14.33863,52.40109
14.33861,52.40108
14.33732,52.4015
14.33612,52.4019
14.33456,52.40242
14.33362,52.40274
14.33248,52.40316
14.33123,52.40365
14.32992,52.40412
14.32921,52.40441
14.32852,52.40463
14.32806,52.40473
14.32652,52.40489
14.32547,52.40499
14.32243,52.40528
14.31768,52.4058
14.3136,52.4062
14.3071,52.40686
14.30259,52.4073
14.2992,52.40766
14.2978,52.4078
14.29703,52.40787
14.29609,52.40744
14.29553,52.40715
14.29397,52.40641
14.29341,52.40625
14.29279,52.40616
14.28763,52.40556
14.28503,52.40525
14.28336,52.40513
14.28221,52.40508
14.28151,52.40503
14.28096,52.40499
14.28056,52.40491
14.27986,52.40473
14.27951,52.40461
14.27927,52.40449
14.279,52.40432
14.27864,52.40412
14.27823,52.40395
14.27653,52.40332
14.27622,52.40318
14.27514,52.40259
14.27467,52.4023
14.27447,52.40221
14.27418,52.40217
14.2729,52.40219
14.26999,52.40223
14.26766,52.40231
14.267,52.40233
14.26605,52.40231
14.26534,52.40227
14.26491,52.40218
14.26447,52.40207
14.26398,52.40199
14.26338,52.40194
14.26216,52.40187
14.2619,52.40185
14.26151,52.40177
14.26067,52.40154
14.25926,52.4012
14.2581,52.40092
14.2569,52.40065
14.25602,52.40039
14.25512,52.40007
14.25455,52.39986
14.25418,52.39967
14.25312,52.39903
14.25263,52.39872
14.25178,52.39778
14.25136,52.39724
14.25133,52.39718
14.25107,52.39628
14.2507,52.39524
14.25052,52.39492
14.25028,52.39462
14.2494,52.39384
14.24896,52.39345
14.24836,52.39281
14.24788,52.39205
14.24744,52.39149
14.24684,52.39081
14.24638,52.39029
14.2461,52.39005
14.24528,52.38942
14.24418,52.38867
14.24383,52.38843
14.24319,52.38794
14.24184,52.38697
14.24014,52.38574
14.23918,52.38505
14.23853,52.38455
14.23846,52.38447
14.23791,52.38383
14.23734,52.38319
14.23719,52.38302
14.23674,52.38249
14.2364,52.38205
14.23612,52.38173
14.23582,52.38142
14.23566,52.3812
14.23539,52.38088
14.23501,52.38076
14.23354,52.37983
14.23227,52.37898
14.2319,52.37874
14.23134,52.37846
14.23095,52.37829
14.23026,52.37805
14.22398,52.37649
14.21898,52.37527
14.2176,52.37492
14.21666,52.37462
14.21518,52.37402
14.21497,52.37392
14.21481,52.37381
14.21472,52.37373
14.21442,52.37318
14.21427,52.37295
14.21408,52.37277
14.21393,52.37269
14.2117,52.37169
14.21085,52.37131
14.21052,52.37119
14.20858,52.37063
14.20537,52.36974
14.20258,52.36897
14.20172,52.36877
14.20107,52.36865
14.20016,52.36853
14.19925,52.36843
14.19649,52.36814
14.19555,52.36814
14.19479,52.36816
14.19458,52.36816
14.19436,52.36811
14.19373,52.36784
14.19322,52.36761
14.19128,52.36682
14.18889,52.36583
14.18755,52.36524
14.18689,52.36498
14.18437,52.36397
14.18368,52.36376
14.18311,52.36364
14.18149,52.36336
14.18074,52.3632
14.17991,52.36297
14.17738,52.36219
14.17331,52.36115
14.17108,52.36057
14.17061,52.36042
14.16874,52.35978
14.16792,52.35944
14.16748,52.35915
14.16706,52.35877
14.16648,52.35827
14.16616,52.35804
14.16568,52.35778
14.16538,52.35765
14.16498,52.35743
14.1649,52.35729
14.16486,52.35721
14.16477,52.3571
14.16457,52.35697
14.16422,52.35694
14.16385,52.35695
14.16217,52.35708
14.16003,52.35721
14.15797,52.35675
14.15636,52.35637
14.15529,52.3561
14.1541,52.35573
14.15347,52.35549
14.15177,52.35465
14.15127,52.3544
14.15079,52.35411
14.14949,52.35309
14.14851,52.35226
14.14828,52.35211
14.14756,52.35242
14.14728,52.35249
14.14711,52.35253
14.14563,52.35269
14.14434,52.35286
14.14321,52.35303
14.14223,52.35315
14.14172,52.35312
14.14127,52.35301
14.14086,52.35282
14.14033,52.35244
14.14001,52.35224
14.13968,52.35207
14.13912,52.35183
14.13865,52.35166
14.13814,52.35156
14.13799,52.35155
14.13605,52.35142
14.13288,52.35123
14.13175,52.3512
14.13018,52.35125
14.12951,52.35126
14.12841,52.35124
14.12762,52.35119
14.12684,52.35109
14.12582,52.35089
14.1232,52.35029
14.12232,52.35011
14.12123,52.34999
14.12045,52.34996
14.11832,52.35005
14.11675,52.35016
14.11383,52.35047
14.11253,52.35064
14.10799,52.35133
14.1051,52.35187
14.10367,52.35215
14.10345,52.35222
14.10235,52.35242
14.10162,52.35256
14.10146,52.35257
14.10089,52.35269
14.09576,52.35368
14.09558,52.35374
14.09455,52.35394
14.0936,52.35412
14.09343,52.35413
14.09176,52.35444
14.09071,52.35461
14.0901,52.35469
14.08729,52.35493
14.08259,52.35533
14.07954,52.35559
14.077,52.35582
14.077,52.35582
14.07087,52.35647
14.0686,52.35669
14.06733,52.35683
14.06684,52.35687
14.06645,52.3568
14.0661,52.35669
14.06578,52.3565
14.06549,52.35632
14.06533,52.35625
14.06508,52.35618
14.06478,52.35616
14.06371,52.35617
14.06321,52.35616
14.06277,52.35613
14.06232,52.35677
14.0622,52.35689
14.06206,52.35699
14.06159,52.35722
14.06148,52.35727
14.06139,52.35734
14.06135,52.3574
14.06133,52.35758
14.06133,52.35785
14.06133,52.35823
14.06136,52.35849
14.06145,52.35879
14.06157,52.35908
14.06168,52.35935
14.06164,52.35977
14.06153,52.3603
14.06149,52.36036
14.06144,52.36044
14.06152,52.36053
14.06156,52.36061
14.06165,52.36109
14.06174,52.36168
14.06178,52.36209
14.0618,52.3625
14.06178,52.36284
14.06173,52.36346
14.06146,52.36471
14.0612,52.36616
14.0611,52.36627
14.06096,52.36633
14.05985,52.36642
14.05969,52.36638
14.05964,52.36634
14.0595,52.36619
14.05888,52.36552
14.05788,52.36449
14.05782,52.36446
14.0574,52.36403
14.05683,52.36351
14.05613,52.36368
14.05388,52.36427
14.04698,52.36615
14.04585,52.36644
14.04544,52.36654
14.04466,52.36667
14.04393,52.36675
14.04266,52.36683
14.04257,52.36686
14.04222,52.36689
14.04194,52.36692
14.04192,52.36695
14.04188,52.367
14.0418,52.36704
14.04168,52.36706
14.04154,52.36704
14.04145,52.36698
14.04142,52.36695
14.04067,52.36699
14.04056,52.36698
14.03905,52.36709
14.03703,52.36722
14.0352,52.36734
14.03465,52.36739
14.03411,52.36745
14.03199,52.36775
14.0287,52.36826
14.02326,52.36907
14.0165,52.37013
14.0122,52.37081
14.00974,52.3712
14.00923,52.37131
14.00837,52.37153
14.00775,52.37171
14.00697,52.37196
14.00581,52.3724
14.00413,52.37308
14.00135,52.37421
13.99953,52.3749
13.9964,52.3761
13.99498,52.37646
13.99169,52.37727
13.98991,52.3777
13.98735,52.37828
13.98477,52.37883
13.97911,52.38009
13.97799,52.38041
13.97696,52.38071
13.97637,52.38092
13.97486,52.38152
13.97318,52.38231
13.97192,52.38297
13.97084,52.38355
13.97032,52.38381
13.96995,52.38393
13.96922,52.38407
13.96684,52.38444
13.96576,52.38461
13.96521,52.38474
13.96412,52.38505
13.96277,52.38538
13.96215,52.3855
13.96062,52.38576
13.95962,52.38593
13.95505,52.38672
13.95282,52.38713
13.95193,52.38729
13.95152,52.38739
13.95112,52.38754
13.95024,52.38795
13.94792,52.38909
13.94491,52.39062
13.94355,52.3913
13.94252,52.39179
13.94067,52.39272
13.93877,52.39363
13.93812,52.39388
13.93779,52.39398
13.93706,52.39411
13.93564,52.39424
13.93473,52.39433
13.93423,52.39441
13.93402,52.39446
13.93377,52.39455
13.93149,52.39562
13.92943,52.3966
13.92884,52.39686
13.92847,52.39695
13.92612,52.39721
13.92353,52.39756
13.92268,52.39775
13.92222,52.39786
13.92117,52.39816
13.92028,52.39844
13.91881,52.39887
13.91801,52.39912
13.91644,52.39979
13.91576,52.40005
13.9154,52.40017
13.91508,52.40024
13.91455,52.4003
13.91359,52.40036
13.91184,52.40051
13.91121,52.4006
13.91009,52.40069
13.90877,52.40095
13.90869,52.40094
13.90687,52.40123
13.90296,52.40181
13.89313,52.40319
13.89207,52.40334
13.891,52.40342
13.88949,52.4035
13.88788,52.4036
13.8867,52.40365
13.88616,52.40361
13.88512,52.40344
13.88246,52.4028
13.88148,52.4026
13.88137,52.40258
13.87884,52.40204
13.87407,52.40113
13.86803,52.39996
13.86306,52.39908
13.86108,52.39871
13.85378,52.39726
13.84903,52.39625
13.84127,52.39471
13.83641,52.39379
13.83152,52.39283
13.82708,52.39195
13.82708,52.39195
13.82687,52.3919
13.82677,52.39193
13.82595,52.39179
13.82591,52.39181
13.82583,52.39183
13.82578,52.39184
13.82562,52.39216
13.82553,52.3922
13.82543,52.39236
13.82505,52.39306
13.82495,52.39333
13.82492,52.39353
13.82495,52.39613
13.82498,52.39861
13.82497,52.40082
13.82499,52.40545
13.82499,52.40658
13.825,52.40669
13.825,52.40743
13.82501,52.40954
13.82504,52.41009
13.82509,52.41032
13.82515,52.41055
13.82533,52.41098
13.82584,52.41183
13.82609,52.41233
13.82617,52.41256
13.8262,52.41274
13.8262,52.41311
13.82616,52.41337
13.82603,52.41373
13.82566,52.41466
13.82526,52.41553
13.82481,52.41666
13.8246,52.41681
13.8244,52.41692
13.82418,52.41701
13.82379,52.41708
13.82087,52.41736
13.8179,52.41766
13.81756,52.41766
13.81722,52.41762
13.81582,52.41726
13.81073,52.41588
13.80951,52.41556
13.80927,52.41551
13.80913,52.4155
13.80887,52.41553
13.80826,52.41564
13.80648,52.41598
13.80603,52.41604
13.80584,52.41603
13.80539,52.41596
13.80519,52.41594
13.8051,52.41596
13.80263,52.41704
13.80243,52.41713
13.80182,52.41755
13.80125,52.41794
13.80122,52.41799
13.80095,52.4182
13.80073,52.4183
13.79942,52.41919
13.79899,52.41944
13.79874,52.41957
13.79862,52.41966
13.79834,52.42
13.79806,52.42031
13.79778,52.42062
13.79764,52.42075
13.79744,52.42085
13.79725,52.42092
13.79692,52.42097
13.79548,52.42097
13.79509,52.42098
13.7948,52.42102
13.79397,52.42122
13.7935,52.42136
13.79323,52.42145
13.79282,52.42162
13.79023,52.42284
13.78964,52.42307
13.78958,52.42312
13.78926,52.42321
13.78818,52.42339
13.78627,52.42365
13.78468,52.42389
13.78402,52.42394
13.78368,52.42396
13.78314,52.42395
13.78261,52.42388
13.78188,52.42375
13.78183,52.42371
13.78066,52.4235
13.77793,52.42299
13.77386,52.42224
13.76988,52.42171
13.76814,52.42148
13.76728,52.42142
13.76294,52.42114
13.7618,52.42107
13.76014,52.42098
13.759,52.4209
13.75874,52.42087
13.75838,52.42078
13.75634,52.4201
13.7555,52.41983
13.75509,52.41975
13.7549,52.41975
13.75451,52.4197
13.75447,52.41972
13.75442,52.41974
13.75435,52.41976
13.75421,52.42001
13.75413,52.42004
13.754,52.4204
13.75385,52.42073
13.7539,52.42078
13.75385,52.42087
13.75341,52.42188
13.75329,52.42215
13.75322,52.42218
13.75321,52.42225
13.75294,52.42294
13.75279,52.42334
13.75273,52.42345
13.75221,52.4246
13.75208,52.42478
13.75127,52.4255
13.75074,52.42599
13.75062,52.42614
13.75058,52.42631
13.75062,52.42637
13.75062,52.4265
13.75062,52.42662
13.75065,52.42663
13.75071,52.42665
13.75076,52.42669
13.75079,52.42674
13.75079,52.42677
13.75091,52.42682
13.75108,52.42691
13.75117,52.42697
13.75118,52.42702
13.75147,52.42724
13.75186,52.42752
13.75258,52.42807
13.75268,52.42819
13.75271,52.42831
13.75266,52.42855
13.7523,52.42843
13.75217,52.42837
13.75217,52.42837
13.75215,52.42835
13.75216,52.42828
13.75223,52.42815
13.75239,52.42792
13.75236,52.4279
13.75186,52.42752
13.75147,52.42724
13.75118,52.42702
13.7511,52.42701
13.75101,52.42695
13.75085,52.42688
13.75074,52.42685
13.75073,52.42687
13.75069,52.42689
13.75064,52.42691
13.75053,52.42691
13.75038,52.42688
13.74965,52.42702
13.74957,52.42701
13.74914,52.4271
13.74856,52.42722
13.74754,52.42739
13.74454,52.42777
13.7429,52.42796
13.74163,52.42812
13.74142,52.42816
13.73641,52.42939
13.73597,52.42952
13.73591,52.42953
13.73587,52.42958
13.73511,52.42973
13.73464,52.42979
13.73455,52.42977
13.73246,52.43001
13.73031,52.43027
13.72683,52.43062
13.72473,52.4308
13.71806,52.43153
13.71421,52.43194
13.7139,52.43201
13.71096,52.43278
13.7066,52.43391
13.70084,52.43544
13.69746,52.43634
13.69714,52.43645
13.69659,52.4367
13.69647,52.43678
13.69605,52.4371
13.69447,52.43839
13.69353,52.43886
13.68975,52.44058
13.68909,52.44087
13.68778,52.44127
13.68725,52.44151
13.68677,52.4418
13.68635,52.44219
13.68621,52.44237
13.68623,52.44242
13.68615,52.44254
13.68589,52.44286
13.68571,52.44299
13.6854,52.44307
13.68524,52.44308
13.68388,52.44349
13.68245,52.44389
13.67853,52.44501
13.67619,52.44567
13.67376,52.44642
13.67196,52.44697
13.66836,52.44802
13.66546,52.44884
13.66345,52.4494
13.66316,52.44949
13.66242,52.4497
13.66007,52.45033
13.65501,52.45175
13.65098,52.45289
13.64932,52.45334
13.64903,52.45345
13.64862,52.45362
13.64791,52.45402
13.64667,52.45483
13.64626,52.45505
13.64567,52.45533
13.64448,52.45577
13.64354,52.45596
13.64295,52.45605
13.6425,52.4561
13.63816,52.45644
13.63647,52.45654
13.63383,52.45665
13.6332,52.4567
13.63276,52.45674
13.63276,52.45668
13.63271,52.45579
13.63267,52.45531
13.6326,52.45529
13.63254,52.45532
13.63244,52.45531
13.63239,52.45527
13.63238,52.45524
13.63241,52.4552
13.63248,52.45518
13.63256,52.45519
13.6326,52.45521
13.63347,52.45474
13.6343,52.45428
13.63435,52.45421
13.63444,52.45402
13.63454,52.45392
13.63475,52.45375
13.63501,52.45359
13.63591,52.45308
13.63647,52.45276
13.63746,52.45225
13.63836,52.45177
13.63976,52.45099
13.63988,52.4509
13.63686,52.4508
13.63388,52.45072
13.63245,52.45063
13.62937,52.45055
13.62764,52.4505
13.62762,52.45042
13.62557,52.45049
13.62474,52.45052
13.62477,52.45076
13.62482,52.45122
13.6248,52.45127
13.62483,52.45142
13.62485,52.4517
13.62498,52.45272
13.62508,52.45349
13.62527,52.45514
13.6253,52.45538
13.62535,52.45561
13.62536,52.45572
13.6254,52.45578
13.6255,52.45649
13.62552,52.45675
13.62549,52.45699
13.62539,52.45699
13.62524,52.45698
13.62512,52.45697
13.6248,52.45691
13.6248,52.45691
13.61855,52.45551
13.61718,52.45522
13.61633,52.45501
13.61243,52.45415
13.60785,52.45313
13.60445,52.45235
13.6027,52.45194
13.60214,52.45186
13.60154,52.45185
13.60105,52.45188
13.60073,52.45192
13.60046,52.45196
13.59982,52.45211
13.59937,52.45224
13.59889,52.45239
13.59754,52.45281
13.59722,52.45291
13.59677,52.453
13.59625,52.45308
13.5956,52.45313
13.59493,52.45314
13.59451,52.45311
13.59335,52.45314
13.59317,52.45312
13.59322,52.45296
13.59321,52.45246
13.59321,52.45213
13.59317,52.45163
13.59315,52.45126
13.59317,52.45098
13.5933,52.45021
13.59354,52.44905
13.59359,52.4488
13.59371,52.44812
13.59372,52.44775
13.59373,52.44749
13.59343,52.44751
13.59314,52.44751
13.593,52.4475
13.59274,52.44744
13.59205,52.44717
13.58994,52.44624
13.58807,52.44545
13.58754,52.44527
13.58636,52.44487
13.58549,52.44459
13.58495,52.44435
13.58475,52.44426
13.58403,52.44391
13.58363,52.44371
13.58343,52.44357
13.58329,52.44346
13.58324,52.44339
13.5826,52.44283
13.58236,52.44271
13.58156,52.44298
13.58116,52.44314
13.58061,52.44335
13.58011,52.44353
13.579,52.44393
13.57818,52.44417
13.57776,52.44425
13.57722,52.44432
13.57542,52.44446
13.57473,52.44449
13.57399,52.44445
13.57367,52.44444
13.57355,52.44445
13.57316,52.44452
13.5728,52.44466
13.57258,52.4447
13.57103,52.44471
13.57068,52.44463
13.57039,52.44457
13.57027,52.44456
13.56975,52.44461
13.56931,52.44471
13.56777,52.44499
13.56685,52.44516
13.56504,52.44555
13.56417,52.44573
13.56313,52.44596
13.56281,52.44601
13.56235,52.44604
13.56188,52.44613
13.56044,52.44644
13.55932,52.44666
13.55928,52.44684
13.55924,52.44739
13.55914,52.44823
13.55912,52.44838
13.55907,52.44854
13.55887,52.44906
13.55881,52.44947
13.55873,52.45031
13.55855,52.45228
13.55851,52.45293
13.55851,52.45302
13.55852,52.45453
13.55846,52.45497
13.55828,52.45576
13.55822,52.45596
13.55747,52.45586
13.55667,52.45579
13.55554,52.4558
13.55445,52.45589
13.55249,52.45617
13.55197,52.45624
13.55146,52.45634
13.55112,52.45642
13.55056,52.45659
13.54945,52.45696
13.54895,52.4571
13.54849,52.45719
13.54775,52.45727
13.54671,52.45729
13.54594,52.45732
13.54542,52.45738
13.54299,52.45783
13.54234,52.45798
13.54137,52.45829
13.53991,52.45881
13.53761,52.45971
13.53292,52.46164
13.52446,52.4653
13.52113,52.46675
13.52072,52.46694
13.52024,52.46711
13.51967,52.46725
13.51905,52.46737
13.51839,52.46749
13.51723,52.46779
13.5157,52.46837
13.51512,52.46861
13.51475,52.46878
13.51463,52.46882
13.51456,52.46888
13.51447,52.46881
13.51434,52.46875
13.51404,52.46858
13.51385,52.46843
13.51322,52.46775
13.51312,52.46756
13.51308,52.46743
13.51305,52.46711
13.51308,52.46684
13.51352,52.46499
13.51356,52.46474
13.51334,52.46461
13.51303,52.4645
13.51078,52.46415
13.51078,52.46415
13.50918,52.46389
13.50856,52.46375
13.50846,52.46371
13.50798,52.46353
13.50767,52.46339
13.50751,52.46328
13.50717,52.46318
13.50695,52.46311
13.50686,52.46307
13.50667,52.46291
13.50616,52.46242
13.50571,52.46199
13.50559,52.46176
13.5055,52.46163
13.50534,52.46153
13.50373,52.46084
13.50253,52.4616
13.50152,52.46223
13.50002,52.46321
13.49824,52.4644
13.49732,52.46511
13.49673,52.46557
13.4957,52.46631
13.49545,52.46647
13.4933,52.4679
13.4914,52.46918
13.49134,52.46912
13.49049,52.46843
13.48956,52.46765
13.48921,52.46735
13.48535,52.46417
13.48263,52.46191
13.48132,52.46086
13.48096,52.46055
13.48012,52.45984
13.47917,52.45907
13.47876,52.45872
13.47762,52.45777
13.47663,52.45699
13.47637,52.45682
13.47525,52.45611
13.47308,52.45474
13.4726,52.45445
13.47241,52.45427
13.47113,52.45301
13.4704,52.45229
13.47017,52.45216
13.4699,52.45207
13.4696,52.45202
13.46851,52.45194
13.46721,52.45188
13.4661,52.45191
13.4659,52.45193
13.46573,52.45197
13.46569,52.45201
13.4654,52.45215
13.46529,52.45223
13.4651,52.45237
13.46427,52.45332
13.46404,52.45362
13.46384,52.45392
13.46369,52.45419
13.4636,52.45429
13.46346,52.4544
13.46319,52.45453
13.46301,52.45457
13.46282,52.4546
13.46264,52.45461
13.4623,52.45457
13.46133,52.45436
13.46084,52.45425
13.45974,52.454
13.45832,52.45366
13.45713,52.45339
13.4565,52.45327
13.45646,52.45325
13.45529,52.45307
13.45255,52.45261
13.45249,52.45262
13.45229,52.45259
13.45197,52.45296
13.45188,52.45311
13.45174,52.45338
13.44451,52.46314
13.44454,52.46309
13.44442,52.46308
13.44359,52.46304
13.44182,52.46301
13.44128,52.46297
13.44057,52.46291
13.44008,52.46284
13.43923,52.46278
13.43784,52.46264
13.43645,52.46245
13.43486,52.46226
13.43383,52.46216
13.43289,52.4621
13.4303,52.462
13.42923,52.46191
13.42806,52.46174
13.42601,52.46143
13.42507,52.46135
13.42431,52.46138
13.42273,52.46152
13.42171,52.46154
13.42131,52.46153
13.4209,52.46148
13.42053,52.46142
13.41986,52.46126
13.41886,52.46101
13.41817,52.46087
13.41741,52.46078
13.41656,52.46073
13.41496,52.46078
13.41404,52.46084
13.41229,52.46104
13.41137,52.46117
13.40956,52.46146
13.40738,52.46186
13.40623,52.4621
13.40559,52.46229
13.40515,52.46247
13.40459,52.46276
13.4041,52.46309
13.40354,52.46359
13.40304,52.46406
13.40259,52.46444
13.40226,52.46467
13.4019,52.46488
13.40153,52.46507
13.40094,52.4653
13.4004,52.46548
13.39977,52.46566
13.39858,52.46599
13.39756,52.46631
13.39631,52.46675
13.39443,52.46755
13.39242,52.46843
13.39144,52.46881
13.39054,52.46909
13.38972,52.4693
13.38868,52.46951
13.38776,52.46966
13.38722,52.46971
13.38604,52.46981
13.38517,52.46985
13.38349,52.46992
13.3796,52.47002
13.37776,52.4701
13.37715,52.47013
13.37687,52.47022
13.3763,52.47029
13.37421,52.47058
13.37367,52.4706
13.3734,52.47057
13.37315,52.47051
13.37297,52.47044
13.37275,52.47033
13.37247,52.47015
13.37208,52.46991
13.37186,52.47005
13.37166,52.47016
13.37128,52.47035
13.37074,52.47056
13.37,52.47088
13.36978,52.47097
13.36963,52.47098
13.36945,52.4711
13.36924,52.47125
13.3687,52.47166
13.36855,52.47176
13.36775,52.47215
13.36773,52.47221
13.36657,52.47284
13.36555,52.47329
13.36393,52.47405
13.36322,52.47432
13.36275,52.47445
13.36219,52.47458
13.36153,52.47476
13.36115,52.47488
13.3608,52.47504
13.3597,52.47554
13.35918,52.47579
13.35754,52.47656
13.35684,52.47706
13.35585,52.47784
13.35522,52.47826
13.35416,52.479
13.35347,52.47951
13.35323,52.4797
13.35296,52.47984
13.35249,52.48005
13.34912,52.48154
13.34833,52.48188
13.34809,52.48199
13.34734,52.48239
13.34683,52.48266
13.34651,52.48298
13.34557,52.48418
13.34528,52.48461
13.34518,52.48487
13.34516,52.4852
13.34517,52.48542
13.3452,52.48646
13.34518,52.48801
13.34515,52.48868
13.34516,52.48916
13.34521,52.49058
13.34525,52.49185
13.34533,52.49336
13.34555,52.49365
13.34588,52.49407
13.34601,52.49433
13.34618,52.49484
13.34625,52.49506
13.34627,52.49528
13.34628,52.49558
13.34627,52.49626
13.34622,52.49731
13.34615,52.49859
13.34611,52.49925
13.3461,52.49974
13.34612,52.49988
13.34618,52.50003
13.34626,52.50025
13.34648,52.50051
13.34661,52.50065
13.34692,52.50089
13.34699,52.50095
13.34713,52.50106
13.34641,52.50121
13.34499,52.50151
13.34421,52.50167
13.34388,52.50182
13.34355,52.50195
13.34325,52.50205
13.34281,52.50212
13.34232,52.50217
13.34197,52.50223
13.34167,52.50231
13.34077,52.50266
13.33945,52.50319
13.33647,52.50436
13.33618,52.50443
13.33596,52.50445
13.3352,52.50451
13.33462,52.50452
13.33425,52.50448
13.33395,52.50443
13.33143,52.50389
13.33145,52.50398
13.33157,52.50478
13.33167,52.50523
13.33185,52.50553
13.33216,52.50587
13.33256,52.50621
13.33189,52.50651
13.32992,52.50743
13.32737,52.5086
13.32737,52.5086
13.32617,52.50915
13.32588,52.50933
13.32548,52.5096
13.32346,52.51103
13.32298,52.51136
13.32268,52.51163
13.32248,52.51183
13.32245,52.5119
13.32244,52.51197
13.3225,52.51207
13.32255,52.51215
13.32262,52.51218
13.32272,52.51225
13.32281,52.51234
13.32296,52.51245
13.32326,52.51258
13.32348,52.51264
13.32382,52.51267
13.32854,52.51298
13.33067,52.5131
13.33583,52.51345
13.3363,52.51351
13.33797,52.51361
13.34839,52.51432
13.34872,52.51433
13.34895,52.51427
13.34927,52.51413
13.34946,52.51402
13.34969,52.51394
13.34996,52.5139
13.35022,52.5139
13.35051,52.51394
13.35075,52.514
13.35087,52.51406
13.35105,52.51424
13.35144,52.51446
13.35177,52.51455
13.35248,52.51461
13.35311,52.51465
13.35405,52.51472
13.35974,52.51508
13.3658,52.51547
13.36898,52.51566
13.36972,52.5157
13.36972,52.5157