13.28946,52.63308
13.28905,52.63291
13.28896,52.63292
13.28832,52.63281
13.28814,52.63285
13.28791,52.63287
13.28777,52.63287
13.28764,52.63283
13.28745,52.63272
13.28737,52.63261
13.28735,52.63255
13.28737,52.63243
13.28748,52.63226
13.28769,52.63211
13.28797,52.63203
13.28821,52.63202
13.28842,52.63207
13.28859,52.63217
13.28896,52.63188
13.28917,52.63168
13.28944,52.63137
13.28952,52.63116
13.28954,52.63094
13.28955,52.63082
13.2895,52.63068
13.2894,52.63035
13.28923,52.63006
13.28914,52.62992
13.28904,52.62981
13.28875,52.62957
13.28853,52.62941
13.28815,52.62917
13.28774,52.62897
13.28733,52.6288
13.28679,52.6286
13.28613,52.62839
13.28584,52.6283
13.28517,52.62808
13.2855,52.62797
13.28653,52.62766
13.28733,52.62748
13.28783,52.62738
13.28868,52.62729
13.28917,52.62723
13.28937,52.62715
13.29018,52.62678
13.29064,52.62654
13.29105,52.62637
13.29119,52.62628
13.29146,52.62576
13.29205,52.62452
13.29246,52.62369
13.29258,52.62342
13.29278,52.62302
13.29298,52.62261
13.29317,52.62234
13.29355,52.62195
13.29391,52.6217
13.29409,52.62159
13.29463,52.6213
13.29495,52.62114
13.29552,52.62091
13.29576,52.62079
13.29743,52.61935
13.29892,52.61803
13.30039,52.61676
13.30095,52.61627
13.30106,52.61623
13.30083,52.61566
13.30067,52.61546
13.30047,52.61531
13.30025,52.61518
13.2997,52.6149
13.29942,52.61472
13.29911,52.61445
13.29877,52.6141
13.29826,52.61358
13.29775,52.61299
13.29643,52.61159
13.29582,52.6109
13.29474,52.6098
13.29443,52.60946
13.294,52.60904
13.2937,52.60883
13.29302,52.60846
13.29267,52.60827
13.29251,52.60813
13.29169,52.60734
13.29144,52.60711
13.29137,52.60697
13.29134,52.60684
13.29134,52.60674
13.29145,52.60643
13.29153,52.60605
13.29152,52.60567
13.29147,52.60543
13.2914,52.60523
13.29127,52.605
13.29101,52.6047
13.29084,52.60453
13.29075,52.60445
13.28989,52.60372
13.28904,52.603
13.28861,52.60264
13.28833,52.60236
13.28798,52.60201
13.28758,52.60173
13.28732,52.60164
13.28693,52.60156
13.28639,52.60157
13.28544,52.60166
13.28472,52.60169
13.28449,52.60167
13.28411,52.60157
13.2837,52.60142
13.28257,52.60104
13.28194,52.60088
13.2817,52.60074
13.28145,52.60052
13.28118,52.60012
13.28112,52.59999
13.28111,52.59992
13.28113,52.59985
13.28128,52.59965
13.28222,52.59873
13.28252,52.59839
13.28346,52.59734
13.28429,52.59647
13.28462,52.59613
13.28496,52.59574
13.28534,52.59521
13.28545,52.59501
13.28547,52.59497
13.28533,52.59492
13.28517,52.59487
13.28435,52.59457
13.28329,52.59427
13.28281,52.59415
13.28225,52.59404
13.28155,52.59395
13.28069,52.59388
13.28093,52.5936
13.28114,52.59331
13.2814,52.59274
13.28169,52.59203
13.28196,52.59146
13.28218,52.59112
13.28237,52.59085
13.28255,52.59065
13.28325,52.58993
13.28384,52.58927
13.28462,52.58858
13.28479,52.58864
13.28495,52.58867
13.2878,52.58886
13.28824,52.58889
13.28845,52.58857
13.28882,52.58798
13.28987,52.58642
13.28735,52.58624
13.28674,52.58618
13.28123,52.58549
13.27677,52.58493
13.27653,52.58486
13.27621,52.58471
13.27597,52.58452
13.27577,52.5842
13.27524,52.58299
13.27508,52.5825
13.27495,52.58195
13.2749,52.58162
13.2749,52.58162
13.27482,52.58118
13.27482,52.58062
13.27485,52.58026
13.27492,52.57989
13.27506,52.57934
13.27534,52.57868
13.27578,52.57784
13.27576,52.57771
13.27567,52.57765
13.27472,52.57744
13.27282,52.57705
13.27256,52.57695
13.27206,52.57668
13.2714,52.57627
13.27122,52.57611
13.27116,52.57601
13.27111,52.57586
13.27096,52.57586
13.26713,52.5759
13.26658,52.5759
13.2661,52.57587
13.26565,52.5758
13.26518,52.57565
13.26455,52.57535
13.26236,52.57419
13.26163,52.5738
13.26142,52.57366
13.26118,52.57339
13.25903,52.56968
13.25788,52.56766
13.25595,52.56433
13.2546,52.56196
13.2517,52.55693
13.24974,52.55352
13.24941,52.55281
13.24924,52.55235
13.24919,52.55208
13.24911,52.55198
13.2489,52.55146
13.24882,52.55123
13.24869,52.55078
13.24828,52.54969
13.24783,52.54862
13.2477,52.54812
13.24771,52.54789
13.24771,52.54759
13.24775,52.5473
13.24783,52.54698
13.24796,52.5466
13.24804,52.54625
13.24805,52.54565
13.24796,52.54533
13.24779,52.54505
13.24735,52.54452
13.24727,52.54444
13.24702,52.5441
13.24696,52.54398
13.24691,52.54373
13.24693,52.54347
13.24701,52.54328
13.24706,52.54305
13.24733,52.54184
13.24746,52.54134
13.24767,52.54046
13.24787,52.53945
13.24784,52.53918
13.24775,52.53909
13.2477,52.53885
13.24764,52.53847
13.24764,52.5383
13.24769,52.53804
13.24826,52.53801
13.25228,52.53768
13.2556,52.53741
13.25862,52.53718
13.26337,52.53679
13.26493,52.53667
13.26594,52.53491
13.26627,52.53425
13.26633,52.53406
13.26639,52.53391
13.26682,52.53246
13.26695,52.5321
13.26751,52.53076
13.26788,52.52985
13.26797,52.5297
13.26817,52.52947
13.26845,52.52922
13.26847,52.52915
13.26859,52.52903
13.26871,52.52891
13.26875,52.52886
13.26888,52.52877
13.26925,52.52862
13.26973,52.5285
13.27037,52.52846
13.27176,52.52837
13.27241,52.52835
13.27326,52.52826
13.27387,52.52812
13.27406,52.52806
13.27451,52.52791
13.27829,52.52639
13.27852,52.52631
13.27879,52.52616
13.27896,52.52597
13.27904,52.52579
13.27929,52.52426
13.27941,52.52374
13.27957,52.5229
13.27998,52.52035
13.27994,52.52028
13.27994,52.52022
13.28001,52.51986
13.28002,52.51967
13.27998,52.51942
13.27997,52.5191
13.27998,52.51891
13.28005,52.51856
13.28006,52.51846
13.27982,52.51845
13.27888,52.51838
13.27869,52.51838
13.27604,52.51886
13.27308,52.51944
13.27219,52.51959
13.26727,52.52047
13.2648,52.52091
13.26402,52.52105
13.26295,52.52121
13.26243,52.52027
13.26199,52.51951
13.26199,52.51951
13.26148,52.51861
13.26108,52.51794
13.26094,52.51749
13.26089,52.51695
13.26094,52.51689
13.26045,52.51663
13.26016,52.51645
13.26007,52.51636
13.25999,52.51624
13.25996,52.51617
13.25936,52.51623
13.25837,52.51632
13.25784,52.51634
13.25747,52.51634
13.25655,52.51631
13.25585,52.51624
13.25495,52.5161
13.2543,52.51601
13.2538,52.51595
13.25201,52.51579
13.2499,52.5156
13.24949,52.51561
13.24948,52.51548
13.2494,52.51538
13.24903,52.51516
13.24884,52.51509
13.24859,52.51492
13.24828,52.51472
13.24731,52.5142
13.24684,52.51392
13.24624,52.5137
13.24438,52.51313
13.24389,52.51299
13.24316,52.51277
13.24047,52.51199
13.24024,52.51189
13.24,52.51171
13.23977,52.51149
13.23949,52.51129
13.23933,52.51122
13.23884,52.51112
13.2368,52.5108
13.23255,52.51014
13.23159,52.51003
13.23139,52.51001
13.23103,52.51131
13.23102,52.51135
13.23066,52.51123
13.23043,52.51114
13.23017,52.51099
13.22965,52.51054
13.22942,52.5103
13.22919,52.51
13.22886,52.50941
13.22867,52.5091
13.22844,52.5087
13.22835,52.5084
13.22829,52.50796
13.22836,52.50706
13.22839,52.50683
13.22855,52.50575
13.22869,52.50499
13.22872,52.50475
13.22868,52.50452
13.22859,52.50426
13.2285,52.5041
13.22828,52.50385
13.22797,52.50359
13.22793,52.50356
13.22669,52.50285
13.22502,52.50191
13.22463,52.50166
13.2243,52.50141
13.22394,52.50111
13.22343,52.50068
13.22306,52.50043
13.22256,52.50025
13.22205,52.50017
13.22162,52.50017
13.22019,52.5004
13.2197,52.50043
13.21947,52.50042
13.21906,52.50039
13.21845,52.50025
13.21761,52.50005
13.21702,52.49995
13.21617,52.4999
13.21569,52.49991
13.21337,52.50019
13.21233,52.50035
13.2112,52.50062
13.21025,52.50086
13.20988,52.50099
13.20986,52.50097
13.20931,52.50066
13.20876,52.50037
13.207,52.49954
13.20663,52.49935
13.20617,52.49908
13.20564,52.49872
13.2055,52.4986
13.20496,52.49813
13.20473,52.49795
13.20443,52.49775
13.20389,52.49743
13.20322,52.49711
13.20216,52.49665
13.20105,52.49614
13.20052,52.49587
13.20002,52.49553
13.19989,52.49534
13.19986,52.49512
13.20008,52.4947
13.20014,52.49461
13.20041,52.49433
13.20087,52.49392
13.20171,52.49346
13.20326,52.49268
13.20359,52.49248
13.2037,52.49239
13.20386,52.4922
13.20393,52.49207
13.2042,52.49138
13.20491,52.48967
13.20497,52.48943
13.20496,52.48929
13.20489,52.48912
13.20474,52.48896
13.20196,52.48678
13.20078,52.48586
13.20028,52.48562
13.19988,52.48555
13.19834,52.48544
13.19768,52.48533
13.19729,52.4852
13.19699,52.48497
13.19689,52.48477
13.19686,52.48403
13.19688,52.48329
13.19699,52.48256
13.19727,52.48131
13.19744,52.48036
13.19752,52.47984
13.19757,52.47958
13.19771,52.47913
13.19789,52.47862
13.19795,52.47854
13.19814,52.47822
13.19834,52.47778
13.19844,52.4774
13.19857,52.47691
13.19903,52.4751
13.19933,52.47377
13.1998,52.47191
13.2001,52.47069
13.20027,52.47009
13.20032,52.46975
13.20031,52.46966
13.20025,52.46955
13.20018,52.46948
13.20002,52.46938
13.19934,52.46921
13.19885,52.46915
13.19867,52.46915
13.19794,52.4691
13.19766,52.46907
13.19755,52.46904
13.19712,52.46887
13.197,52.4688
13.1968,52.46864
13.19666,52.46848
13.19654,52.46827
13.19653,52.468
13.1965,52.46614
13.19651,52.46604
13.19648,52.4659
13.19638,52.46564
13.19627,52.46549
13.19588,52.46514
13.19545,52.46487
13.19486,52.46456
13.19357,52.46398
13.19251,52.46347
13.19204,52.46317
13.19183,52.46298
13.19157,52.46266
13.19132,52.46217
13.19121,52.4618
13.19085,52.46048
13.19071,52.45973
13.1905,52.45908
13.19032,52.45868
13.19011,52.4583
13.18974,52.45769
13.18966,52.45755
13.1896,52.45731
13.18933,52.45638
13.18915,52.45583
13.18912,52.45535
13.18916,52.45519
13.18921,52.4551
13.18933,52.45497
13.19004,52.45464
13.19029,52.45453
13.19069,52.45427
13.1909,52.45402
13.19177,52.45272
13.19217,52.45212
13.19243,52.45177
13.19287,52.45128
13.1931,52.45108
13.19339,52.45081
13.19408,52.45026
13.19545,52.4492
13.19588,52.44887
13.19602,52.4487
13.19633,52.44817
13.19777,52.44563
13.19795,52.44537
13.19979,52.44209
13.20017,52.44141
13.20028,52.44117
13.19949,52.44053
13.19782,52.43919
13.19629,52.43802
13.19598,52.43776
13.1953,52.43724
13.19453,52.43662
13.19421,52.43641
13.19369,52.43609
13.19222,52.43529
13.18999,52.4341
13.18944,52.43383
13.18978,52.43366
13.19013,52.43358
13.19042,52.43355
13.19093,52.43358
13.19093,52.43358
13.19275,52.43376
13.19292,52.43378
13.19326,52.43382
13.19329,52.43394
13.19372,52.43454
13.19392,52.43479
13.19526,52.43601
13.19595,52.43664
13.19649,52.43713
13.19744,52.43799
13.1975,52.43813
13.19877,52.43915
13.20106,52.44098
13.21321,52.4506
13.21714,52.45368
13.22468,52.45965
13.22714,52.46159
13.22729,52.46171
13.22749,52.46187
13.23537,52.46809
13.2393,52.47118
13.24066,52.47227
13.24292,52.47423
13.24511,52.47618
13.24752,52.47833
13.24953,52.48008
13.25075,52.48115
13.25237,52.48247
13.25678,52.48603
13.26057,52.48905
13.26567,52.49308
13.26586,52.49319
13.26676,52.4939
13.26801,52.4949
13.27194,52.49784
13.27287,52.49857
13.27312,52.49875
13.27356,52.49901
13.27393,52.49916
13.27434,52.49929
13.27484,52.49939
13.27544,52.49946
13.27658,52.49952
13.278,52.4996
13.27864,52.49966
13.27895,52.49972
13.2794,52.49983
13.27983,52.49997
13.28024,52.50016
13.28048,52.50026
13.28073,52.50044
13.28091,52.50064
13.28103,52.50081
13.28114,52.50102
13.28121,52.50127
13.2812,52.50149
13.28114,52.50169
13.28104,52.50186
13.2809,52.50202
13.2807,52.50218
13.28052,52.50228
13.28035,52.5024
13.28007,52.50251
13.27955,52.50273
13.27937,52.50285
13.2793,52.50293
13.27918,52.50313
13.27916,52.50325
13.27917,52.50339
13.27955,52.50444
13.27999,52.5055
13.28035,52.5062
13.28043,52.50635
13.28098,52.50633
13.28198,52.50636
13.28241,52.50637
13.28372,52.5064
13.2863,52.50649
13.28774,52.50654
13.28825,52.50656
13.29284,52.50672
13.29474,52.50677
13.29503,52.50677
13.29513,52.5069
13.2959,52.50822
13.29654,52.50936
13.29734,52.51074
13.29737,52.51089
13.29977,52.51107
13.30167,52.5112
13.3052,52.5114
13.3075,52.51158
13.30931,52.51169
13.3147,52.51207
13.31733,52.51223
13.32045,52.51244
13.32061,52.51243
13.32088,52.51234
13.32112,52.51215
13.32138,52.51206
13.32181,52.51201
13.32222,52.51205
13.32255,52.51215
13.32267,52.51221
13.32276,52.51229
13.32284,52.51238
13.32305,52.51249
13.3234,52.51262
13.32357,52.51265
13.32406,52.51269
13.32838,52.51298
13.32974,52.51305
13.33121,52.51313
13.33586,52.51345
13.33666,52.51353
13.33997,52.51374
13.34862,52.51433
13.34882,52.51431
13.3491,52.51421
13.34936,52.51407
13.34957,52.51398
13.34983,52.51392
13.3501,52.51389
13.35036,52.51391
13.35068,52.51397
13.35081,52.51403
13.35092,52.51411
13.35101,52.51419
13.35105,52.51424
13.35134,52.51441
13.35155,52.5145
13.35203,52.51458
13.35338,52.51467
13.36029,52.51512
13.36617,52.51549
13.36923,52.51567
13.36972,52.5157
13.36972,52.5157