13.63059,52.29666
13.63054,52.2969
13.63056,52.29714
13.63071,52.29777
13.63081,52.29778
13.63089,52.29784
13.63089,52.29791
13.63082,52.29797
13.6307,52.29799
13.6306,52.29796
13.63057,52.29794
13.63015,52.29805
13.62979,52.29814
13.62925,52.29831
13.62891,52.29846
13.62962,52.29892
13.63005,52.29924
13.63025,52.29948
13.6303,52.2996
13.63032,52.29972
13.6303,52.29977
13.63033,52.2999
13.63035,52.30013
13.63036,52.30116
13.63045,52.30178
13.63043,52.30251
13.63048,52.30265
13.63057,52.30283
13.63071,52.30301
13.6308,52.3031
13.63103,52.30329
13.63149,52.30358
13.63213,52.30397
13.63247,52.30426
13.63258,52.30438
13.63267,52.30454
13.63275,52.3048
13.63278,52.30492
13.6328,52.30536
13.63279,52.30567
13.63273,52.3062
13.63278,52.30646
13.63286,52.30682
13.63292,52.30717
13.63304,52.30822
13.63314,52.30894
13.63319,52.30917
13.63319,52.30929
13.63324,52.30939
13.63328,52.3095
13.63342,52.30964
13.63349,52.30969
13.63361,52.30973
13.6334,52.30988
13.63332,52.30995
13.63327,52.31008
13.63329,52.31027
13.63333,52.31089
13.63336,52.31091
13.63339,52.31103
13.63335,52.31212
13.63326,52.31241
13.6332,52.31279
13.63323,52.3128
13.63327,52.31282
13.63332,52.31287
13.63332,52.31293
13.63329,52.31298
13.63321,52.31302
13.63312,52.31304
13.63291,52.31319
13.63288,52.3132
13.63256,52.3135
13.63247,52.31362
13.63235,52.31389
13.63228,52.31429
13.63225,52.31452
13.63225,52.3147
13.6323,52.315
13.63239,52.31528
13.63263,52.31575
13.63341,52.31696
13.63372,52.31745
13.63456,52.31893
13.63527,52.32026
13.6357,52.32104
13.63598,52.32158
13.63643,52.32239
13.63734,52.32409
13.63777,52.3249
13.63806,52.32551
13.63821,52.32612
13.63834,52.32699
13.63849,52.32787
13.63866,52.32892
13.63881,52.32988
13.63901,52.33089
13.63913,52.33156
13.63905,52.33218
13.63887,52.33316
13.63836,52.33566
13.63804,52.33712
13.63795,52.33738
13.63781,52.33766
13.63759,52.33798
13.63732,52.3383
13.63637,52.33945
13.63569,52.3403
13.63547,52.34056
13.63494,52.34127
13.63373,52.34274
13.63236,52.34448
13.6318,52.34519
13.63071,52.34663
13.63002,52.34754
13.62911,52.34862
13.62876,52.34908
13.62838,52.34956
13.62838,52.34956
13.62803,52.35
13.628,52.35008
13.62842,52.35034
13.62963,52.3509
13.63076,52.35146
13.63132,52.3517
13.63163,52.35186
13.63174,52.35193
13.63189,52.35207
13.63197,52.35214
13.63207,52.35238
13.63205,52.3527
13.63198,52.35309
13.63193,52.35348
13.63187,52.3544
13.63176,52.35553
13.63161,52.35703
13.63165,52.35718
13.63273,52.35963
13.63324,52.36088
13.63387,52.36227
13.63486,52.3644
13.63555,52.36597
13.63621,52.36738
13.63649,52.368
13.63665,52.36836
13.63684,52.36891
13.63699,52.36925
13.63713,52.36946
13.63748,52.37001
13.63768,52.37028
13.63785,52.3705
13.63839,52.37127
13.63902,52.37219
13.63948,52.37311
13.64016,52.37416
13.6404,52.37454
13.64111,52.37546
13.64147,52.3759
13.64186,52.37636
13.64275,52.37731
13.64288,52.37749
13.64304,52.37765
13.64338,52.37793
13.64363,52.37819
13.64447,52.3782
13.64495,52.37823
13.64517,52.37826
13.64536,52.37836
13.64464,52.37888
13.64424,52.37918
13.64416,52.37929
13.64366,52.37965
13.64312,52.38004
13.64163,52.38105
13.64072,52.38165
13.63688,52.38415
13.6352,52.38528
13.63444,52.38577
13.63383,52.38616
13.63369,52.38623
13.63275,52.38663
13.63095,52.3874
13.62672,52.38921
13.62495,52.38995
13.62463,52.39007
13.62249,52.39098
13.61898,52.39252
13.61258,52.3953
13.60872,52.39698
13.6057,52.39829
13.6042,52.39895
13.59606,52.40247
13.58905,52.40548
13.57922,52.40976
13.57879,52.40999
13.57785,52.41062
13.57675,52.41134
13.57643,52.41161
13.57612,52.41195
13.57589,52.4122
13.57547,52.41257
13.57514,52.41285
13.5747,52.41315
13.57391,52.41356
13.5738,52.41364
13.57373,52.4136
13.5733,52.41336
13.57297,52.41316
13.57258,52.41292
13.57234,52.41301
13.57207,52.41307
13.5718,52.41308
13.57145,52.41305
13.57114,52.41294
13.57103,52.41289
13.57074,52.41266
13.5702,52.41217
13.56981,52.4118
13.56915,52.41201
13.5677,52.41242
13.56745,52.41248
13.56733,52.41248
13.56722,52.41243
13.56691,52.4122
13.56621,52.41245
13.56593,52.41256
13.56571,52.41264
13.56512,52.41287
13.56239,52.41415
13.56079,52.41489
13.56025,52.41518
13.55974,52.41539
13.55768,52.41617
13.55544,52.41698
13.55469,52.41725
13.55432,52.41739
13.55396,52.41747
13.5522,52.41784
13.55172,52.41795
13.54905,52.41849
13.54863,52.41857
13.54821,52.41861
13.54744,52.41868
13.54596,52.41883
13.54254,52.41936
13.54148,52.41946
13.54121,52.41952
13.54029,52.41983
13.53937,52.42021
13.53883,52.42046
13.53836,52.42059
13.53668,52.42097
13.53581,52.42115
13.53461,52.42136
13.53401,52.42148
13.53287,52.42174
13.52986,52.42247
13.52899,52.42265
13.52788,52.42277
13.52724,52.42283
13.52589,52.42303
13.52466,52.4232
13.52239,52.42352
13.52088,52.42373
13.52055,52.42375
13.52023,52.42372
13.52003,52.42366
13.51976,52.42352
13.51944,52.42324
13.51911,52.42293
13.51862,52.42241
13.51833,52.42216
13.51799,52.42184
13.5176,52.42161
13.51642,52.42112
13.51439,52.42031
13.51354,52.42
13.51274,52.41977
13.51182,52.41954
13.51116,52.4194
13.50748,52.41877
13.50748,52.41877
13.50581,52.41849
13.5052,52.41841
13.5034,52.41823
13.5017,52.41808
13.50121,52.418
13.50062,52.41783
13.50014,52.41762
13.49975,52.41739
13.49892,52.41684
13.49875,52.41671
13.49841,52.41654
13.49745,52.41615
13.49672,52.41589
13.49643,52.4158
13.49554,52.41619
13.49513,52.41639
13.49432,52.41685
13.49364,52.41732
13.49155,52.41889
13.48995,52.42011
13.48936,52.42066
13.48827,52.42195
13.48776,52.42247
13.48717,52.42292
13.48556,52.42418
13.484,52.42531
13.48324,52.42584
13.48251,52.4264
13.48162,52.42703
13.48025,52.42803
13.47848,52.42935
13.47823,52.4295
13.47807,52.42964
13.47795,52.42974
13.47666,52.4308
13.47585,52.43132
13.47534,52.43158
13.47342,52.43248
13.47207,52.43313
13.4708,52.43366
13.46928,52.43428
13.4688,52.43452
13.46768,52.43516
13.46619,52.43605
13.46487,52.4368
13.46454,52.43699
13.46416,52.43717
13.46316,52.43762
13.4627,52.43783
13.46201,52.43821
13.46099,52.43884
13.46045,52.4392
13.46002,52.43949
13.45969,52.43976
13.45825,52.44103
13.45713,52.442
13.45652,52.44259
13.45619,52.44305
13.45592,52.44364
13.45518,52.44549
13.45404,52.44826
13.45321,52.45036
13.45229,52.45259
13.45197,52.45296
13.45188,52.45311
13.45174,52.45338
13.44451,52.46314
13.44454,52.46309
13.44442,52.46308
13.44359,52.46304
13.44182,52.46301
13.44128,52.46297
13.44057,52.46291
13.44008,52.46284
13.43923,52.46278
13.43784,52.46264
13.43645,52.46245
13.43486,52.46226
13.43383,52.46216
13.43289,52.4621
13.4303,52.462
13.42923,52.46191
13.42806,52.46174
13.42601,52.46143
13.42507,52.46135
13.42431,52.46138
13.42273,52.46152
13.42171,52.46154
13.42131,52.46153
13.4209,52.46148
13.42053,52.46142
13.41986,52.46126
13.41886,52.46101
13.41817,52.46087
13.41741,52.46078
13.41656,52.46073
13.41496,52.46078
13.41404,52.46084
13.41229,52.46104
13.41137,52.46117
13.40956,52.46146
13.40738,52.46186
13.40623,52.4621
13.40559,52.46229
13.40515,52.46247
13.40459,52.46276
13.4041,52.46309
13.40354,52.46359
13.40304,52.46406
13.40259,52.46444
13.40226,52.46467
13.4019,52.46488
13.40153,52.46507
13.40094,52.4653
13.4004,52.46548
13.39977,52.46566
13.39858,52.46599
13.39756,52.46631
13.39631,52.46675
13.39443,52.46755
13.39242,52.46843
13.39144,52.46881
13.39054,52.46909
13.38972,52.4693
13.38868,52.46951
13.38776,52.46966
13.38722,52.46971
13.38604,52.46981
13.38517,52.46985
13.38349,52.46992
13.3796,52.47002
13.37776,52.4701
13.37715,52.47013
13.37687,52.47022
13.3763,52.47029
13.37421,52.47058
13.37367,52.4706
13.3734,52.47057
13.37315,52.47051
13.37297,52.47044
13.37275,52.47033
13.37247,52.47015
13.37208,52.46991
13.37186,52.47005
13.37166,52.47016
13.37128,52.47035
13.37074,52.47056
13.37,52.47088
13.36978,52.47097
13.36963,52.47098
13.36945,52.4711
13.36924,52.47125
13.3687,52.47166
13.36855,52.47176
13.36775,52.47215
13.36773,52.47221
13.36657,52.47284
13.36555,52.47329
13.36393,52.47405
13.36322,52.47432
13.36275,52.47445
13.36219,52.47458
13.36153,52.47476
13.36115,52.47488
13.3608,52.47504
13.3597,52.47554
13.35918,52.47579
13.35754,52.47656
13.35684,52.47706
13.35585,52.47784
13.35522,52.47826
13.35416,52.479
13.35347,52.47951
13.35323,52.4797
13.35296,52.47984
13.35249,52.48005
13.34912,52.48154
13.34833,52.48188
13.34809,52.48199
13.34734,52.48239
13.34683,52.48266
13.34651,52.48298
13.34557,52.48418
13.34528,52.48461
13.34518,52.48487
13.34516,52.4852
13.34517,52.48542
13.3452,52.48646
13.34518,52.48801
13.34515,52.48868
13.34516,52.48916
13.34521,52.49058
13.34525,52.49185
13.34533,52.49336
13.34555,52.49365
13.34588,52.49407
13.34601,52.49433
13.34618,52.49484
13.34625,52.49506
13.34627,52.49528
13.34628,52.49558
13.34627,52.49626
13.34622,52.49731
13.34615,52.49859
13.34611,52.49925
13.3461,52.49974
13.34612,52.49988
13.34618,52.50003
13.34626,52.50025
13.34648,52.50051
13.34661,52.50065
13.34692,52.50089
13.34699,52.50095
13.34713,52.50106
13.34641,52.50121
13.34499,52.50151
13.34421,52.50167
13.34388,52.50182
13.34355,52.50195
13.34325,52.50205
13.34281,52.50212
13.34232,52.50217
13.34197,52.50223
13.34167,52.50231
13.34077,52.50266
13.33945,52.50319
13.33647,52.50436
13.33618,52.50443
13.33596,52.50445
13.3352,52.50451
13.33462,52.50452
13.33425,52.50448
13.33395,52.50443
13.33143,52.50389
13.33145,52.50398
13.33157,52.50478
13.33167,52.50523
13.33185,52.50553
13.33216,52.50587
13.33256,52.50621
13.33189,52.50651
13.32992,52.50743
13.32737,52.5086
13.32737,52.5086
13.32617,52.50915
13.32588,52.50933
13.32548,52.5096
13.32346,52.51103
13.32298,52.51136
13.32268,52.51163
13.32248,52.51183
13.32245,52.5119
13.32244,52.51197
13.3225,52.51207
13.32255,52.51215
13.32262,52.51218
13.32272,52.51225
13.32281,52.51234
13.32296,52.51245
13.32326,52.51258
13.32348,52.51264
13.32382,52.51267
13.32854,52.51298
13.33067,52.5131
13.33583,52.51345
13.3363,52.51351
13.33797,52.51361
13.34839,52.51432
13.34872,52.51433
13.34895,52.51427
13.34927,52.51413
13.34946,52.51402
13.34969,52.51394
13.34996,52.5139
13.35022,52.5139
13.35051,52.51394
13.35075,52.514
13.35087,52.51406
13.35105,52.51424
13.35144,52.51446
13.35177,52.51455
13.35248,52.51461
13.35311,52.51465
13.35405,52.51472
13.35974,52.51508
13.3658,52.51547
13.36898,52.51566
13.36972,52.5157
13.36972,52.5157

