13.79844,52.83444
13.79964,52.83418
13.79996,52.83411
13.80022,52.83409
13.80218,52.83361
13.80255,52.83355
13.80279,52.83353
13.80433,52.83357
13.80532,52.8336
13.80533,52.83357
13.80542,52.83202
13.80547,52.83112
13.80554,52.83058
13.80562,52.83036
13.80623,52.82993
13.8077,52.82888
13.80807,52.82866
13.80825,52.82854
13.8095,52.82777
13.80861,52.82706
13.80839,52.82687
13.80821,52.82674
13.80797,52.82663
13.80728,52.82657
13.80694,52.82653
13.80641,52.82614
13.80583,52.82569
13.80566,52.82558
13.80511,52.82528
13.80472,52.82503
13.80457,52.8249
13.80446,52.82476
13.80429,52.82448
13.8039,52.82369
13.8037,52.82331
13.80348,52.82295
13.80323,52.82267
13.80282,52.82232
13.8024,52.82205
13.802,52.82185
13.80155,52.82165
13.80066,52.82126
13.8003,52.82106
13.79922,52.82038
13.79838,52.8199
13.79742,52.81952
13.79641,52.81915
13.79582,52.81893
13.79553,52.8188
13.79533,52.81866
13.79449,52.81789
13.79286,52.81666
13.79192,52.81594
13.79152,52.81562
13.79066,52.81486
13.79048,52.81472
13.79023,52.81462
13.78979,52.81453
13.78844,52.81427
13.78635,52.81389
13.78613,52.81383
13.78592,52.81374
13.78577,52.81365
13.78551,52.81343
13.78488,52.81278
13.78459,52.81238
13.78382,52.81121
13.78343,52.81062
13.78319,52.81025
13.78313,52.81019
13.78302,52.81012
13.7829,52.81007
13.78269,52.81002
13.78238,52.80999
13.782,52.80998
13.78155,52.81005
13.78132,52.8101
13.78076,52.81028
13.78016,52.81048
13.77977,52.81057
13.779,52.81067
13.77821,52.81074
13.77727,52.81084
13.77697,52.81084
13.7768,52.81081
13.7767,52.81078
13.77519,52.81002
13.77498,52.80995
13.77484,52.8099
13.77435,52.80984
13.77384,52.80978
13.77272,52.80965
13.77213,52.80957
13.77188,52.80952
13.77155,52.80943
13.77058,52.80913
13.76993,52.80892
13.76907,52.80869
13.76886,52.80862
13.76862,52.80851
13.76827,52.80832
13.76769,52.80797
13.76731,52.80778
13.7669,52.80762
13.76606,52.80733
13.76535,52.80707
13.76515,52.80696
13.76497,52.80683
13.76446,52.8064
13.76397,52.80608
13.75966,52.80394
13.75721,52.80274
13.75492,52.80154
13.75243,52.80027
13.74828,52.79815
13.74587,52.79694
13.74546,52.79671
13.74152,52.79475
13.74072,52.79433
13.73968,52.79384
13.73934,52.79363
13.73903,52.79337
13.73885,52.79314
13.73859,52.79242
13.73741,52.78971
13.73723,52.78912
13.73721,52.7889
13.73712,52.78854
13.73693,52.78823
13.73675,52.78804
13.73645,52.7878
13.73588,52.78755
13.73073,52.78612
13.72724,52.78512
13.7215,52.78341
13.71689,52.78209
13.71269,52.78083
13.71175,52.78037
13.71126,52.78008
13.71108,52.77992
13.71068,52.77951
13.70862,52.77754
13.70789,52.77682
13.70736,52.77635
13.70715,52.77623
13.70679,52.77611
13.70589,52.776
13.70506,52.77592
13.70293,52.77572
13.70177,52.77564
13.70004,52.77554
13.69622,52.77528
13.6955,52.77521
13.69505,52.7752
13.6945,52.77524
13.69346,52.77533
13.69229,52.77542
13.69116,52.77548
13.68959,52.77556
13.68923,52.77554
13.68877,52.77545
13.68842,52.77535
13.68793,52.77514
13.68425,52.77324
13.6822,52.77216
13.68151,52.77179
13.68112,52.77161
13.68082,52.77153
13.68049,52.77149
13.68007,52.77149
13.67904,52.77148
13.67517,52.77145
13.66486,52.77129
13.66156,52.77127
13.66094,52.77125
13.66028,52.77111
13.65537,52.76978
13.65184,52.76883
13.65056,52.76849
13.64955,52.76819
13.64805,52.7677
13.64632,52.76712
13.64462,52.76657
13.6444,52.76646
13.64424,52.76632
13.64404,52.7661
13.64394,52.76594
13.64395,52.76588
13.64404,52.76582
13.64419,52.76574
13.64447,52.76564
13.64472,52.7655
13.64482,52.76542
13.645,52.76524
13.64529,52.76488
13.64544,52.76466
13.64556,52.76449
13.64572,52.7642
13.64592,52.76382
13.64604,52.76368
13.64622,52.76358
13.64657,52.76344
13.64799,52.76288
13.64814,52.76279
13.64827,52.76266
13.64831,52.76251
13.64829,52.76222
13.64827,52.76203
13.64819,52.76179
13.64801,52.76158
13.64754,52.76121
13.64703,52.76079
13.64686,52.76063
13.6468,52.76054
13.64669,52.76029
13.64669,52.76021
13.64676,52.76003
13.64703,52.75955
13.64708,52.7594
13.64708,52.75929
13.64705,52.75913
13.64697,52.75901
13.64601,52.75764
13.6458,52.7573
13.64525,52.75599
13.64482,52.75495
13.64393,52.75293
13.6413,52.74681
13.63977,52.74324
13.63963,52.7429
13.63913,52.74184
13.63895,52.74138
13.63844,52.74035
13.63795,52.73938
13.63763,52.73874
13.63729,52.73805
13.63706,52.73765
13.63643,52.7366
13.63456,52.73359
13.63388,52.73263
13.63179,52.72979
13.62775,52.72441
13.62699,52.72347
13.62693,52.72337
13.62687,52.72315
13.62682,52.72314
13.62678,52.72313
13.62672,52.7231
13.62668,52.72305
13.62669,52.72299
13.6267,52.72297
13.62672,52.72295
13.62676,52.72292
13.62666,52.72282
13.62652,52.72266
13.62614,52.72214
13.62599,52.72194
13.62579,52.72181
13.62555,52.7217
13.62503,52.72149
13.62468,52.72136
13.6246,52.72131
13.62453,52.72116
13.6245,52.72098
13.62446,52.72079
13.62416,52.72045
13.62359,52.71988
13.62262,52.71881
13.62204,52.71817
13.62163,52.71767
13.61961,52.71466
13.61902,52.71375
13.61701,52.71056
13.61522,52.70789
13.61354,52.70542
13.61306,52.70473
13.61024,52.70111
13.60741,52.69749
13.60655,52.69637
13.60522,52.6947
13.60408,52.69322
13.60127,52.68962
13.6012,52.68952
13.60113,52.68948
13.60104,52.68941
13.60095,52.68931
13.60092,52.68925
13.60089,52.68913
13.60082,52.68902
13.60037,52.68834
13.59981,52.68746
13.59937,52.68677
13.59914,52.68636
13.59905,52.6862
13.59899,52.68616
13.59888,52.68602
13.59853,52.68543
13.59852,52.68535
13.59793,52.68437
13.59772,52.68407
13.59696,52.68296
13.59678,52.68268
13.59671,52.68251
13.59662,52.6821
13.59628,52.68211
13.59556,52.68214
13.59544,52.68213
13.59496,52.68214
13.59446,52.68211
13.59347,52.68201
13.59111,52.68172
13.5904,52.68164
13.59167,52.68074
13.59167,52.68074
13.59356,52.67946
13.59383,52.67926
13.59385,52.67919
13.59392,52.67907
13.59405,52.67894
13.59474,52.67847
13.595,52.67831
13.59521,52.67814
13.59404,52.6776
13.59336,52.67731
13.5929,52.67719
13.59329,52.67673
13.5934,52.67665
13.59329,52.67673
13.5929,52.67719
13.59196,52.67696
13.59055,52.67662
13.58877,52.67614
13.58748,52.67583
13.58636,52.67557
13.58472,52.67517
13.58329,52.67483
13.58346,52.67449
13.58372,52.67393
13.58391,52.67355
13.58391,52.67321
13.58386,52.67201
13.58388,52.67182
13.58392,52.67116
13.58391,52.67111
13.58381,52.67094
13.58274,52.6695
13.58207,52.66854
13.58175,52.6681
13.58169,52.66807
13.58089,52.66698
13.58056,52.66656
13.58049,52.66645
13.58051,52.66641
13.58011,52.66585
13.57979,52.66542
13.57938,52.66485
13.57925,52.66476
13.57871,52.664
13.5787,52.66394
13.57766,52.66255
13.57681,52.66137
13.57638,52.6608
13.57578,52.65993
13.57493,52.65879
13.57398,52.6575
13.57312,52.65633
13.57148,52.65409
13.57043,52.65265
13.57035,52.65259
13.56987,52.65193
13.56934,52.65127
13.56894,52.65071
13.56892,52.65065
13.56873,52.65036
13.56834,52.64983
13.56809,52.6495
13.56739,52.64858
13.56605,52.6467
13.56566,52.64607
13.56546,52.64584
13.56469,52.64465
13.56407,52.64383
13.56404,52.64373
13.56364,52.64319
13.56314,52.6425
13.56091,52.63962
13.56042,52.63911
13.55996,52.63876
13.55949,52.63844
13.55822,52.63764
13.55469,52.63544
13.54945,52.63218
13.54694,52.63063
13.54638,52.63031
13.54627,52.63015
13.5462,52.6301
13.54604,52.62993
13.54593,52.62979
13.54558,52.62921
13.54501,52.62824
13.54463,52.62753
13.54433,52.627
13.54416,52.62654
13.54409,52.62626
13.54398,52.62547
13.54391,52.62524
13.5437,52.62465
13.54342,52.62406
13.5433,52.62364
13.54328,52.62354
13.54319,52.62258
13.54309,52.62196
13.54297,52.62151
13.54278,52.62105
13.54238,52.62023
13.54197,52.61964
13.54175,52.61937
13.54155,52.61925
13.54106,52.61871
13.53977,52.6174
13.53899,52.6166
13.53867,52.61627
13.53756,52.61512
13.53681,52.61438
13.53597,52.61351
13.53589,52.61332
13.53586,52.61314
13.53587,52.613
13.53601,52.61281
13.53577,52.61273
13.53533,52.61258
13.53501,52.61243
13.53456,52.6122
13.53389,52.61166
13.53306,52.611
13.53177,52.61005
13.53019,52.60879
13.52928,52.60805
13.52864,52.60746
13.52808,52.60697
13.52791,52.60677
13.52743,52.60633
13.52666,52.60561
13.52629,52.60535
13.52595,52.60514
13.52553,52.60496
13.52492,52.60472
13.52404,52.60442
13.52396,52.60439
13.52396,52.60431
13.52395,52.60413
13.52399,52.60397
13.52396,52.60356
13.52398,52.60343
13.52398,52.60343
13.52416,52.60295
13.5243,52.6025
13.52406,52.60244
13.52271,52.60202
13.52233,52.60192
13.52182,52.60182
13.52099,52.60174
13.52002,52.60161
13.52017,52.60143
13.52031,52.60127
13.52051,52.60088
13.52069,52.60053
13.52077,52.60043
13.52107,52.60017
13.52114,52.60007
13.5212,52.59994
13.52152,52.59927
13.52196,52.59841
13.52227,52.59772
13.52258,52.59706
13.52284,52.59647
13.52296,52.59629
13.52317,52.59611
13.52341,52.5959
13.52366,52.59573
13.52414,52.5954
13.52619,52.5939
13.52681,52.59337
13.52709,52.59311
13.52719,52.59298
13.52723,52.59286
13.52726,52.59231
13.52731,52.59187
13.52729,52.59171
13.5272,52.59151
13.52647,52.5903
13.52537,52.58847
13.52364,52.58557
13.52243,52.58348
13.52195,52.58271
13.52167,52.58222
13.52102,52.58109
13.52022,52.57964
13.51981,52.57891
13.51965,52.57858
13.51906,52.57744
13.51894,52.57693
13.51884,52.57644
13.51878,52.57625
13.51843,52.57561
13.51796,52.57483
13.51822,52.57479
13.51857,52.57474
13.51885,52.57468
13.51926,52.57454
13.51969,52.57432
13.52014,52.57405
13.52022,52.57399
13.52026,52.57389
13.52025,52.57366
13.52025,52.57339
13.52029,52.57315
13.52038,52.57281
13.52045,52.57254
13.52052,52.57238
13.52074,52.57163
13.52077,52.57142
13.52076,52.57108
13.52069,52.57078
13.52052,52.57032
13.52039,52.56984
13.52039,52.56951
13.52049,52.56912
13.52061,52.56875
13.52013,52.5687
13.51952,52.56862
13.51872,52.56846
13.51793,52.56824
13.51713,52.56796
13.51602,52.56751
13.51341,52.56651
13.51168,52.56584
13.50869,52.56471
13.50629,52.56379
13.50493,52.56327
13.5034,52.56273
13.50263,52.56249
13.50163,52.56213
13.50099,52.5619
13.50036,52.56167
13.49737,52.56063
13.49474,52.55969
13.49365,52.55928
13.49261,52.55893
13.49065,52.5582
13.48995,52.55797
13.48895,52.55762
13.4876,52.55708
13.48724,52.55692
13.48691,52.55673
13.48652,52.55649
13.48576,52.55603
13.48501,52.5556
13.48463,52.55542
13.48404,52.55518
13.48349,52.55499
13.48305,52.55481
13.48251,52.5546
13.4813,52.55417
13.48055,52.55384
13.47998,52.55357
13.47937,52.55324
13.47863,52.55278
13.4771,52.55159
13.47558,52.55039
13.4748,52.54975
13.47453,52.54959
13.4743,52.5494
13.47412,52.54926
13.47376,52.54896
13.47316,52.54848
13.47268,52.54813
13.47244,52.54798
13.4721,52.54781
13.47179,52.54768
13.47141,52.54753
13.4706,52.54729
13.46969,52.54707
13.46891,52.54691
13.46791,52.54675
13.4676,52.54669
13.46784,52.54624
13.46802,52.54581
13.46827,52.54512
13.46844,52.54472
13.46854,52.54443
13.46854,52.54443
13.46943,52.542
13.47005,52.54031
13.47015,52.5401
13.4703,52.53989
13.47088,52.53902
13.4715,52.53811
13.47182,52.5377
13.47329,52.53614
13.47294,52.53605
13.47166,52.53568
13.47012,52.5352
13.46997,52.53506
13.46889,52.53462
13.46738,52.53394
13.46578,52.53335
13.46546,52.53323
13.46373,52.53265
13.46342,52.53254
13.46313,52.53242
13.46305,52.53237
13.46291,52.53224
13.46209,52.53124
13.46159,52.53064
13.46126,52.53026
13.46114,52.53019
13.46087,52.52981
13.46081,52.52973
13.46075,52.52969
13.46064,52.52963
13.46051,52.52961
13.45772,52.52903
13.45607,52.5287
13.45499,52.52846
13.45483,52.52842
13.4542,52.52821
13.45378,52.52808
13.45226,52.52774
13.45038,52.52724
13.4477,52.52651
13.44503,52.52567
13.44485,52.52562
13.44376,52.52529
13.44381,52.52523
13.44385,52.52516
13.4443,52.52452
13.44589,52.52236
13.44663,52.52136
13.44642,52.52124
13.44552,52.52041
13.44334,52.51849
13.44282,52.51802
13.44243,52.51805
13.4412,52.51817
13.44087,52.5182
13.44069,52.51758
13.44057,52.51724
13.44038,52.51635
13.44042,52.51628
13.44021,52.51573
13.43982,52.51426
13.43975,52.51395
13.4396,52.51369
13.43927,52.51326
13.43826,52.51193
13.43753,52.51109
13.43734,52.51086
13.43696,52.51032
13.4367,52.51009
13.43597,52.50944
13.43551,52.50904
13.43371,52.50981
13.43205,52.51053
13.43054,52.51115
13.4304,52.51076
13.43022,52.51036
13.43012,52.51019
13.42954,52.50954
13.429,52.50892
13.42827,52.50803
13.42805,52.50782
13.4277,52.50757
13.42745,52.5072
13.42704,52.50675
13.42653,52.50635
13.42614,52.50612
13.42534,52.5058
13.4245,52.50558
13.42362,52.50546
13.42279,52.50543
13.42224,52.50545
13.42213,52.50529
13.42195,52.50504
13.42076,52.50335
13.42018,52.50251
13.41928,52.50128
13.41849,52.5002
13.41817,52.49975
13.4181,52.49967
13.41806,52.49957
13.418,52.49925
13.41792,52.49919
13.41787,52.49913
13.41784,52.49905
13.41789,52.49893
13.41802,52.49884
13.41826,52.4988
13.41832,52.49879
13.41838,52.49868
13.41853,52.49841
13.41889,52.49781
13.41914,52.49733
13.41952,52.49667
13.41994,52.49613
13.42013,52.49586
13.42034,52.49562
13.42078,52.49502
13.42136,52.49409
13.42162,52.49365
13.42218,52.49275
13.42262,52.49205
13.4232,52.49108
13.42332,52.49088
13.42394,52.48992
13.42431,52.48934
13.42493,52.48829
13.42509,52.48799
13.42515,52.48782
13.42593,52.48756
13.42893,52.48649
13.42891,52.48571
13.42891,52.48571
13.42884,52.48437
13.42881,52.48426
13.4308,52.48337
13.43141,52.48309
13.43281,52.48246
13.43331,52.4822
13.43384,52.48182
13.43524,52.48086
13.4353,52.48081
13.43541,52.48081
13.4365,52.48001
13.43707,52.4796
13.43732,52.47927
13.43802,52.47829
13.43847,52.47767
13.43846,52.47758
13.43891,52.47697
13.4391,52.47663
13.43947,52.47586
13.43954,52.4757
13.43963,52.47566
13.43978,52.47528
13.43998,52.47481
13.44044,52.47405
13.44061,52.47372
13.44098,52.47308
13.4411,52.47274
13.44118,52.47228
13.44128,52.47172
13.44121,52.47168
13.44126,52.47143
13.44132,52.47112
13.4414,52.47107
13.44144,52.47087
13.44162,52.46984
13.44156,52.46977
13.44157,52.46972
13.44166,52.46925
13.44176,52.46863
13.44183,52.46816
13.44185,52.46805
13.44193,52.46799
13.442,52.46766
13.44209,52.4672
13.44232,52.46593
13.4424,52.46566
13.44246,52.46552
13.4427,52.46518
13.4429,52.46497
13.44365,52.46423
13.44409,52.46374
13.44451,52.46314
13.44454,52.46309
13.44442,52.46308
13.44359,52.46304
13.44182,52.46301
13.44128,52.46297
13.44057,52.46291
13.44008,52.46284
13.43923,52.46278
13.43784,52.46264
13.43645,52.46245
13.43486,52.46226
13.43383,52.46216
13.43289,52.4621
13.4303,52.462
13.42923,52.46191
13.42806,52.46174
13.42601,52.46143
13.42507,52.46135
13.42431,52.46138
13.42273,52.46152
13.42171,52.46154
13.42131,52.46153
13.4209,52.46148
13.42053,52.46142
13.41986,52.46126
13.41886,52.46101
13.41817,52.46087
13.41741,52.46078
13.41656,52.46073
13.41496,52.46078
13.41404,52.46084
13.41229,52.46104
13.41137,52.46117
13.40956,52.46146
13.40738,52.46186
13.40623,52.4621
13.40559,52.46229
13.40515,52.46247
13.40459,52.46276
13.4041,52.46309
13.40354,52.46359
13.40304,52.46406
13.40259,52.46444
13.40226,52.46467
13.4019,52.46488
13.40153,52.46507
13.40094,52.4653
13.4004,52.46548
13.39977,52.46566
13.39858,52.46599
13.39756,52.46631
13.39631,52.46675
13.39443,52.46755
13.39242,52.46843
13.39144,52.46881
13.39054,52.46909
13.38972,52.4693
13.38868,52.46951
13.38776,52.46966
13.38722,52.46971
13.38604,52.46981
13.38517,52.46985
13.38349,52.46992
13.3796,52.47002
13.37776,52.4701
13.37715,52.47013
13.37687,52.47022
13.3763,52.47029
13.37421,52.47058
13.37367,52.4706
13.3734,52.47057
13.37315,52.47051
13.37297,52.47044
13.37275,52.47033
13.37247,52.47015
13.37208,52.46991
13.37186,52.47005
13.37166,52.47016
13.37128,52.47035
13.37074,52.47056
13.37,52.47088
13.36978,52.47097
13.36963,52.47098
13.36945,52.4711
13.36924,52.47125
13.3687,52.47166
13.36855,52.47176
13.36775,52.47215
13.36773,52.47221
13.36657,52.47284
13.36555,52.47329
13.36393,52.47405
13.36322,52.47432
13.36275,52.47445
13.36219,52.47458
13.36153,52.47476
13.36115,52.47488
13.3608,52.47504
13.3597,52.47554
13.35918,52.47579
13.35754,52.47656
13.35684,52.47706
13.35585,52.47784
13.35522,52.47826
13.35416,52.479
13.35347,52.47951
13.35323,52.4797
13.35296,52.47984
13.35249,52.48005
13.34912,52.48154
13.34833,52.48188
13.34809,52.48199
13.34734,52.48239
13.34683,52.48266
13.34651,52.48298
13.34557,52.48418
13.34528,52.48461
13.34518,52.48487
13.34516,52.4852
13.34517,52.48542
13.3452,52.48646
13.34518,52.48801
13.34515,52.48868
13.34516,52.48916
13.34521,52.49058
13.34525,52.49185
13.34533,52.49336
13.34555,52.49365
13.34588,52.49407
13.34601,52.49433
13.34618,52.49484
13.34625,52.49506
13.34627,52.49528
13.34628,52.49558
13.34627,52.49626
13.34622,52.49731
13.34615,52.49859
13.34611,52.49925
13.3461,52.49974
13.34612,52.49988
13.34618,52.50003
13.34626,52.50025
13.34648,52.50051
13.34661,52.50065
13.34692,52.50089
13.34699,52.50095
13.34713,52.50106
13.34641,52.50121
13.34499,52.50151
13.34421,52.50167
13.34388,52.50182
13.34355,52.50195
13.34325,52.50205
13.34281,52.50212
13.34232,52.50217
13.34197,52.50223
13.34167,52.50231
13.34077,52.50266
13.33945,52.50319
13.33647,52.50436
13.33618,52.50443
13.33596,52.50445
13.3352,52.50451
13.33462,52.50452
13.33425,52.50448
13.33395,52.50443
13.33143,52.50389
13.33145,52.50398
13.33157,52.50478
13.33157,52.50478
13.33167,52.50523
13.33185,52.50553
13.33216,52.50587
13.33256,52.50621
13.3312,52.50683
13.32911,52.5078
13.32628,52.5091
13.3261,52.50919
13.32576,52.50941
13.3241,52.51057
13.32312,52.51126
13.32284,52.51149
13.32251,52.5118
13.32246,52.51187
13.32244,52.51194
13.32246,52.51201
13.32255,52.51215
13.32267,52.51221
13.32284,52.51238
13.3232,52.51256
13.32357,52.51265
13.32838,52.51298
13.33165,52.51316
13.33577,52.51344
13.33619,52.51349
13.3378,52.51359
13.34204,52.51388
13.34733,52.51425
13.34862,52.51433
13.34882,52.51431
13.3491,52.51421
13.34936,52.51407
13.34957,52.51398
13.34983,52.51392
13.3501,52.51389
13.35036,52.51391
13.35068,52.51397
13.35081,52.51403
13.35101,52.51419
13.35105,52.51424
13.35134,52.51441
13.35155,52.5145
13.35203,52.51458
13.35306,52.51465
13.35371,52.51469
13.3642,52.51536
13.36883,52.51566
13.36972,52.5157
13.36972,52.5157
