13.26676,52.29851
13.26673,52.29829
13.26674,52.2982
13.26677,52.2981
13.26677,52.29795
13.2667,52.29773
13.2666,52.29741
13.26654,52.29732
13.26644,52.29729
13.26636,52.29731
13.26596,52.29752
13.26584,52.29759
13.26577,52.29761
13.26558,52.29762
13.26557,52.29764
13.26556,52.29767
13.2655,52.29771
13.26539,52.29774
13.26534,52.29774
13.26524,52.29787
13.26514,52.29796
13.26504,52.29802
13.26485,52.29816
13.26415,52.29857
13.2632,52.2991
13.26145,52.30011
13.26144,52.30014
13.26012,52.30092
13.25883,52.30165
13.25866,52.30174
13.2586,52.30175
13.25752,52.30235
13.25613,52.30315
13.25613,52.30318
13.25601,52.30326
13.25419,52.30433
13.25371,52.30459
13.25364,52.3046
13.25147,52.30581
13.24998,52.30668
13.24917,52.30715
13.24765,52.30799
13.24599,52.30878
13.24436,52.30958
13.24306,52.31021
13.24327,52.31035
13.24362,52.31057
13.24398,52.31077
13.24582,52.31158
13.24637,52.31187
13.24691,52.31221
13.24769,52.3128
13.24828,52.31329
13.24855,52.31355
13.249,52.31408
13.24962,52.31501
13.24989,52.31534
13.25017,52.31559
13.25034,52.31572
13.25066,52.31589
13.25078,52.31592
13.25109,52.31606
13.25123,52.31615
13.25135,52.31625
13.25143,52.31637
13.25178,52.31636
13.25209,52.31637
13.25286,52.31642
13.25337,52.3164
13.26074,52.3159
13.26398,52.31571
13.27148,52.31523
13.27491,52.315
13.28287,52.31448
13.28287,52.31444
13.28293,52.31438
13.28302,52.31434
13.28313,52.31434
13.28321,52.31435
13.2833,52.31441
13.28332,52.31445
13.28657,52.31424
13.28688,52.31419
13.28739,52.31402
13.28774,52.31396
13.28829,52.31394
13.28933,52.31402
13.28956,52.31403
13.29183,52.31387
13.29274,52.31381
13.29696,52.31353
13.29807,52.31345
13.29873,52.31343
13.29903,52.31344
13.30041,52.31372
13.30291,52.31429
13.30497,52.31473
13.30974,52.31564
13.3102,52.3157
13.31181,52.31581
13.313,52.3159
13.31328,52.31593
13.31174,52.31671
13.31128,52.31694
13.31108,52.31704
13.31014,52.3175
13.30941,52.31797
13.3087,52.3185
13.30764,52.31933
13.30684,52.32003
13.30561,52.32133
13.30507,52.32189
13.30476,52.32217
13.30221,52.32452
13.3012,52.32547
13.30074,52.32597
13.30049,52.32632
13.30032,52.32661
13.30021,52.32687
13.30012,52.32715
13.30006,52.3274
13.30004,52.32762
13.30003,52.32818
13.30017,52.32911
13.30022,52.32976
13.30024,52.33151
13.30025,52.33312
13.30023,52.33468
13.30019,52.3378
13.30019,52.33876
13.30029,52.33917
13.30053,52.33989
13.30147,52.34253
13.30237,52.34508
13.30252,52.34541
13.30262,52.34555
13.30275,52.3457
13.30356,52.34645
13.30441,52.34719
13.30479,52.34748
13.30535,52.34787
13.30685,52.34889
13.30718,52.34914
13.30735,52.34936
13.30744,52.34953
13.30748,52.34967
13.3075,52.34981
13.30756,52.35033
13.30756,52.3505
13.30746,52.3512
13.30733,52.3526
13.30733,52.35315
13.30733,52.35326
13.30736,52.35327
13.30741,52.3533
13.30743,52.35334
13.30743,52.35342
13.3074,52.35369
13.3073,52.35375
13.30718,52.35375
13.30705,52.3537
13.30703,52.35365
13.30704,52.35347
13.30705,52.35342
13.30696,52.35341
13.30648,52.35334
13.30513,52.35324
13.30408,52.35314
13.3038,52.35308
13.30082,52.35279
13.30004,52.35271
13.29947,52.35267
13.29911,52.35255
13.29805,52.3521
13.29515,52.3509
13.29316,52.35008
13.29293,52.35003
13.2926,52.34998
13.29222,52.34998
13.29179,52.35004
13.2913,52.35022
13.29098,52.35036
13.28952,52.35103
13.28914,52.3512
13.28893,52.35129
13.28853,52.35145
13.28832,52.35149
13.28809,52.35149
13.28781,52.35146
13.2875,52.35133
13.28734,52.3512
13.28724,52.35103
13.28722,52.35084
13.28722,52.3508
13.28673,52.35078
13.2863,52.35077
13.28606,52.35074
13.28573,52.35063
13.28549,52.35046
13.28505,52.35002
13.28499,52.34995
13.28489,52.34994
13.28331,52.35016
13.28154,52.35044
13.28121,52.35048
13.28099,52.35049
13.27978,52.35008
13.27804,52.34948
13.27561,52.34864
13.27551,52.3486
13.27515,52.34913
13.27493,52.34939
13.27439,52.35014
13.27346,52.3514
13.27144,52.35425
13.27136,52.35438
13.27104,52.35489
13.27068,52.35528
13.27,52.35595
13.26967,52.35638
13.26937,52.35631
13.26919,52.35628
13.26906,52.3563
13.26882,52.35638
13.268,52.35678
13.2675,52.35704
13.26729,52.35718
13.26713,52.35734
13.26651,52.35811
13.26623,52.35836
13.26604,52.35847
13.26569,52.35862
13.26538,52.35868
13.26484,52.35873
13.25669,52.35925
13.25038,52.35965
13.24914,52.35976
13.24846,52.35986
13.24465,52.36051
13.23769,52.36169
13.23505,52.36212
13.22649,52.36356
13.21257,52.3659
13.20739,52.36678
13.20431,52.36731
13.2026,52.36756
13.19968,52.36791
13.19879,52.36802
13.19732,52.36821
13.19678,52.36826
13.19756,52.36895
13.1984,52.36968
13.1997,52.37082
13.20007,52.37114
13.20054,52.37159
13.20125,52.37224
13.20226,52.37314
13.20361,52.37428
13.2056,52.3761
13.20588,52.37636
13.2064,52.37687
13.20711,52.37763
13.20865,52.37921
13.20969,52.3803
13.21128,52.38193
13.21132,52.3819
13.21128,52.38193
13.21197,52.38268
13.21244,52.38317
13.21331,52.38415
13.21383,52.38471
13.21412,52.38503
13.2148,52.38586
13.2154,52.38659
13.21572,52.38698
13.21646,52.38785
13.21723,52.38879
13.21793,52.38964
13.21818,52.38989
13.21855,52.39022
13.219,52.39054
13.21963,52.39097
13.22053,52.39159
13.22109,52.39177
13.22181,52.39198
13.22206,52.39206
13.22228,52.39216
13.22256,52.39236
13.22323,52.39337
13.22332,52.39362
13.22396,52.39451
13.22409,52.39473
13.22506,52.39579
13.2258,52.3965
13.2265,52.39719
13.22677,52.3974
13.22736,52.39772
13.22767,52.39788
13.22769,52.39805
13.22749,52.3986
13.2271,52.39939
13.22692,52.3997
13.22681,52.39995
13.22677,52.4001
13.22676,52.40023
13.22682,52.4005
13.22704,52.40085
13.22736,52.40118
13.22805,52.40171
13.22933,52.40258
13.23151,52.40382
13.23298,52.4047
13.23378,52.40515
13.23408,52.40528
13.23472,52.40565
13.23485,52.40568
13.23503,52.40578
13.23572,52.40622
13.23573,52.40631
13.23606,52.40652
13.23633,52.40673
13.23633,52.40673
13.23656,52.40692
13.23676,52.40716
13.23766,52.40831
13.23807,52.40889
13.23847,52.40942
13.23976,52.41109
13.23993,52.4113
13.24061,52.41219
13.24109,52.41276
13.24148,52.41312
13.24248,52.41383
13.24266,52.41391
13.24377,52.4147
13.24503,52.41555
13.24586,52.41611
13.24675,52.41672
13.24707,52.41693
13.2475,52.41729
13.24789,52.41774
13.24845,52.41839
13.24874,52.41872
13.24887,52.41893
13.2492,52.41951
13.25011,52.42131
13.25035,52.42176
13.25088,52.42271
13.25158,52.42384
13.25241,52.42517
13.25268,52.42556
13.25281,52.42571
13.25302,52.42593
13.25422,52.42703
13.25601,52.42867
13.25642,52.42902
13.25672,52.42937
13.25737,52.43015
13.25746,52.43025
13.25769,52.43036
13.25863,52.43063
13.25929,52.43083
13.25929,52.43088
13.25927,52.43095
13.25913,52.43134
13.25897,52.4317
13.25891,52.43194
13.25894,52.43215
13.25904,52.43235
13.25924,52.43267
13.25963,52.43328
13.26008,52.43425
13.26018,52.4345
13.26029,52.43461
13.26042,52.43481
13.26053,52.43499
13.26059,52.43511
13.26048,52.43512
13.26009,52.43519
13.25869,52.43544
13.25784,52.43562
13.25696,52.43577
13.25645,52.43582
13.25593,52.43581
13.25524,52.43571
13.24824,52.43467
13.24159,52.43369
13.24076,52.43353
13.24008,52.43338
13.23747,52.43278
13.23569,52.43236
13.23398,52.43199
13.23215,52.43157
13.22976,52.43102
13.22603,52.43017
13.22417,52.42974
13.22403,52.4297
13.2238,52.42981
13.22293,52.43029
13.22185,52.43086
13.22072,52.43146
13.22026,52.43173
13.2191,52.43232
13.21892,52.43238
13.21851,52.43248
13.21531,52.43326
13.21383,52.43361
13.21308,52.43377
13.21204,52.43398
13.21168,52.434
13.21031,52.43403
13.20844,52.43406
13.20663,52.43406
13.201,52.43412
13.19977,52.43413
13.19955,52.43414
13.19928,52.43418
13.19902,52.43427
13.19872,52.43445
13.19821,52.43486
13.19799,52.435
13.19785,52.43504
13.19759,52.43505
13.19744,52.43502
13.19715,52.43491
13.19508,52.43409
13.19468,52.43397
13.19438,52.43393
13.19388,52.43388
13.19369,52.43386
13.19326,52.43382
13.19329,52.43394
13.19372,52.43454
13.19392,52.43479
13.19526,52.43601
13.19595,52.43664
13.19649,52.43713
13.19744,52.43799
13.1975,52.43813
13.19877,52.43915
13.20106,52.44098
13.21321,52.4506
13.21714,52.45368
13.22468,52.45965
13.22714,52.46159
13.22729,52.46171
13.22749,52.46187
13.23537,52.46809
13.2393,52.47118
13.24066,52.47227
13.24292,52.47423
13.24511,52.47618
13.24752,52.47833
13.24953,52.48008
13.25075,52.48115
13.25237,52.48247
13.25678,52.48603
13.26057,52.48905
13.26567,52.49308
13.26586,52.49319
13.26676,52.4939
13.26801,52.4949
13.27194,52.49784
13.27287,52.49857
13.27312,52.49875
13.27356,52.49901
13.27393,52.49916
13.27434,52.49929
13.27484,52.49939
13.27544,52.49946
13.27658,52.49952
13.278,52.4996
13.27864,52.49966
13.27895,52.49972
13.2794,52.49983
13.27983,52.49997
13.28024,52.50016
13.28048,52.50026
13.28073,52.50044
13.28091,52.50064
13.28103,52.50081
13.28114,52.50102
13.28121,52.50127
13.2812,52.50149
13.28114,52.50169
13.28104,52.50186
13.2809,52.50202
13.2807,52.50218
13.28052,52.50228
13.28035,52.5024
13.28007,52.50251
13.27955,52.50273
13.27937,52.50285
13.2793,52.50293
13.27918,52.50313
13.27916,52.50325
13.27917,52.50339
13.27955,52.50444
13.27999,52.5055
13.28035,52.5062
13.28043,52.50635
13.28098,52.50633
13.28198,52.50636
13.28241,52.50637
13.28372,52.5064
13.2863,52.50649
13.28774,52.50654
13.28825,52.50656
13.29284,52.50672
13.29337,52.50673
13.29337,52.50673
13.29503,52.50677
13.29513,52.5069
13.29582,52.50809
13.29613,52.50863
13.29737,52.51082
13.29737,52.51089
13.2993,52.51103
13.30144,52.51118
13.30169,52.5112
13.30526,52.51141
13.30861,52.51165
13.31268,52.51193
13.31485,52.51207
13.31923,52.51236
13.32053,52.51244
13.32073,52.5124
13.32088,52.51234
13.32092,52.5123
13.32105,52.5122
13.3212,52.51212
13.32151,52.51204
13.32191,52.51201
13.32231,52.51207
13.32245,52.51211
13.32262,52.51218
13.32272,52.51225
13.32281,52.51234
13.32296,52.51245
13.32312,52.51253
13.32348,52.51264
13.32382,52.51267
13.32801,52.51295
13.33029,52.51307
13.3314,52.51314
13.33566,52.51343
13.33604,52.51347
13.33746,52.51357
13.34112,52.51382
13.34655,52.5142
13.34839,52.51432
13.34872,52.51433
13.34895,52.51427
13.34927,52.51413
13.34946,52.51402
13.34969,52.51394
13.34996,52.5139
13.35022,52.5139
13.35051,52.51394
13.35075,52.514
13.35087,52.51406
13.35097,52.51415
13.35105,52.51424
13.35144,52.51446
13.35177,52.51455
13.35248,52.51461
13.3534,52.51467
13.36348,52.51532
13.36855,52.51564
13.36942,52.51568
13.36972,52.5157
13.36972,52.5157