13.09897,52.35856
13.0987,52.35894
13.0982,52.35978
13.0977,52.36047
13.09663,52.36181
13.09598,52.36262
13.0957,52.36302
13.0955,52.36336
13.09492,52.36436
13.0945,52.36508
13.09424,52.36547
13.09199,52.36848
13.09153,52.36911
13.09081,52.36999
13.08935,52.37168
13.089,52.3721
13.08874,52.37248
13.08861,52.37268
13.08808,52.37351
13.08775,52.37409
13.08765,52.37423
13.08749,52.37445
13.08731,52.37463
13.08718,52.37474
13.08652,52.3752
13.08504,52.37622
13.0838,52.37708
13.08262,52.37792
13.0834,52.3783
13.08466,52.37889
13.08602,52.37954
13.08642,52.3798
13.08659,52.37991
13.08683,52.38006
13.0876,52.38063
13.08879,52.38154
13.08951,52.38204
13.09036,52.38266
13.09077,52.38301
13.09123,52.38334
13.09141,52.38346
13.09148,52.38351
13.09183,52.38376
13.09224,52.38405
13.09278,52.38455
13.09311,52.38498
13.09457,52.38795
13.09476,52.38833
13.09503,52.38886
13.09357,52.38916
13.09254,52.38938
13.09148,52.38961
13.09061,52.3898
13.09037,52.38988
13.09027,52.38995
13.09019,52.39001
13.09018,52.39008
13.09019,52.39011
13.09018,52.39016
13.09046,52.39037
13.09047,52.39045
13.09061,52.39064
13.09094,52.39118
13.09107,52.39139
13.09146,52.39201
13.09149,52.39209
13.09179,52.39202
13.09351,52.39165
13.0936,52.39163
13.09391,52.39162
13.09465,52.39168
13.09466,52.3916
13.0947,52.39141
13.09473,52.39127
13.09482,52.39126
13.0949,52.39125
13.09628,52.39137
13.09842,52.39155
13.1021,52.39186
13.10414,52.39203
13.10566,52.39191
13.10796,52.39172
13.1113,52.39148
13.11216,52.39144
13.11413,52.39143
13.11591,52.39147
13.1182,52.39153
13.1196,52.39156
13.12308,52.39162
13.1264,52.39168
13.12766,52.3917
13.13095,52.39175
13.13178,52.39177
13.13187,52.39177
13.13246,52.39216
13.13441,52.39352
13.1353,52.39402
13.13814,52.39556
13.13922,52.39601
13.13977,52.39621
13.14023,52.39639
13.14121,52.39688
13.14183,52.39718
13.14215,52.39731
13.14235,52.39736
13.14268,52.39744
13.14348,52.39756
13.14366,52.39761
13.14317,52.39849
13.14316,52.39857
13.14316,52.39857
13.14316,52.3988
13.14313,52.39897
13.14305,52.39907
13.14299,52.39911
13.14285,52.39915
13.14264,52.39918
13.14211,52.39918
13.14177,52.39922
13.14163,52.39929
13.14137,52.39944
13.14174,52.3997
13.14213,52.39999
13.1424,52.4002
13.1431,52.40078
13.14338,52.40103
13.1436,52.40136
13.14372,52.40166
13.14378,52.40187
13.14381,52.40216
13.14361,52.40406
13.14338,52.40606
13.14337,52.40633
13.1434,52.4066
13.14359,52.40788
13.14386,52.41003
13.1439,52.4103
13.1439,52.41036
13.14382,52.41053
13.14357,52.41093
13.14345,52.41104
13.14318,52.4112
13.14296,52.41132
13.1427,52.41151
13.14204,52.41209
13.14261,52.41241
13.14346,52.41297
13.14352,52.41302
13.14355,52.4131
13.14366,52.41355
13.14384,52.41383
13.14393,52.41396
13.14405,52.41403
13.14469,52.41462
13.14545,52.41533
13.14686,52.41666
13.14705,52.41688
13.14722,52.41719
13.14778,52.41825
13.14903,52.41839
13.15432,52.41893
13.15957,52.41952
13.16162,52.41976
13.16495,52.42016
13.16718,52.42044
13.1694,52.4207
13.17017,52.42078
13.17067,52.42081
13.17129,52.4208
13.17182,52.42077
13.17256,52.42069
13.17318,52.42057
13.17391,52.42036
13.17437,52.4202
13.17514,52.41989
13.17531,52.41984
13.17543,52.41997
13.17563,52.42017
13.17609,52.42065
13.17622,52.42076
13.17638,52.42086
13.17673,52.42103
13.1772,52.42119
13.17771,52.42132
13.17793,52.42124
13.1781,52.42122
13.17832,52.42128
13.17845,52.42131
13.17856,52.42137
13.17859,52.42143
13.17858,52.4215
13.17855,52.42155
13.17946,52.4218
13.17982,52.42186
13.18016,52.42195
13.18042,52.42203
13.18061,52.4221
13.18072,52.42218
13.18114,52.42239
13.18258,52.42315
13.18348,52.42367
13.18456,52.42419
13.18505,52.42443
13.18558,52.42477
13.18635,52.42534
13.18658,52.42559
13.1867,52.42579
13.18678,52.42606
13.18676,52.42631
13.18668,52.42654
13.18653,52.42676
13.18595,52.42744
13.18558,52.42788
13.18537,52.42818
13.18526,52.42841
13.18509,52.4288
13.18503,52.42899
13.185,52.42922
13.18501,52.42961
13.18507,52.42997
13.18521,52.43077
13.18532,52.43102
13.18547,52.43125
13.18565,52.43145
13.18591,52.43167
13.18689,52.43233
13.18805,52.43309
13.1884,52.43329
13.18917,52.4337
13.18944,52.43383
13.18967,52.43371
13.18994,52.43362
13.19028,52.43356
13.19056,52.43355
13.19089,52.43358
13.19194,52.43368
13.19326,52.43382
13.19329,52.43394
13.1934,52.43411
13.19392,52.43479
13.19616,52.43683
13.19719,52.43776
13.19744,52.43799
13.19745,52.43803
13.1975,52.43813
13.19872,52.4391
13.2001,52.44021
13.2009,52.44085
13.20569,52.44463
13.20743,52.44602
13.2107,52.4486
13.217,52.45357
13.22253,52.45795
13.22536,52.4602
13.22724,52.46168
13.22742,52.46181
13.23694,52.46933
13.23828,52.47038
13.24011,52.47184
13.24066,52.47227
13.24186,52.47331
13.24312,52.47441
13.24393,52.47513
13.24828,52.47899
13.25093,52.48131
13.25677,52.48602
13.26086,52.48928
13.26382,52.49162
13.26567,52.49308
13.26586,52.49319
13.26744,52.49444
13.26872,52.49542
13.27136,52.49741
13.27213,52.49799
13.27263,52.49839
13.27299,52.49867
13.27334,52.49889
13.27376,52.4991
13.27414,52.49923
13.27457,52.49934
13.27512,52.49943
13.27613,52.49951
13.27778,52.49958
13.2784,52.49964
13.27881,52.49969
13.27914,52.49976
13.27967,52.49992
13.28017,52.50012
13.28035,52.50021
13.28048,52.50026
13.28061,52.50035
13.28083,52.50055
13.28099,52.50073
13.28109,52.5009
13.28119,52.50115
13.28122,52.50139
13.28118,52.5016
13.2811,52.50177
13.28097,52.50194
13.28082,52.50209
13.28061,52.50223
13.28044,52.50233
13.28035,52.5024
13.28027,52.50243
13.27996,52.50255
13.27965,52.50267
13.27946,52.50278
13.27933,52.50289
13.27921,52.50307
13.27917,52.50319
13.27916,52.50331
13.2792,52.50349
13.27929,52.50374
13.27984,52.50516
13.28005,52.50563
13.2803,52.50612
13.28039,52.50627
13.28043,52.50635
13.28066,52.50634
13.28124,52.50633
13.28187,52.50635
13.28222,52.50637
13.28272,52.50638
13.28326,52.50639
13.2854,52.50645
13.2873,52.50653
13.28815,52.50656
13.28992,52.50662
13.29407,52.50674
13.29503,52.50677
13.29513,52.5069
13.29582,52.50809
13.29613,52.50863
13.29613,52.50863
13.29737,52.51082
13.29737,52.51089
13.2993,52.51103
13.30144,52.51118
13.30169,52.5112
13.30526,52.51141
13.30861,52.51165
13.31268,52.51193
13.31485,52.51207
13.31923,52.51236
13.32053,52.51244
13.32073,52.5124
13.32088,52.51234
13.32092,52.5123
13.32105,52.5122
13.3212,52.51212
13.32151,52.51204
13.32191,52.51201
13.32231,52.51207
13.32245,52.51211
13.32262,52.51218
13.32272,52.51225
13.32281,52.51234
13.32296,52.51245
13.32312,52.51253
13.32348,52.51264
13.32382,52.51267
13.32801,52.51295
13.33029,52.51307
13.3314,52.51314
13.33566,52.51343
13.33604,52.51347
13.33746,52.51357
13.34112,52.51382
13.34655,52.5142
13.34839,52.51432
13.34872,52.51433
13.34895,52.51427
13.34927,52.51413
13.34946,52.51402
13.34969,52.51394
13.34996,52.5139
13.35022,52.5139
13.35051,52.51394
13.35075,52.514
13.35087,52.51406
13.35097,52.51415
13.35105,52.51424
13.35144,52.51446
13.35177,52.51455
13.35248,52.51461
13.3534,52.51467
13.36348,52.51532
13.36855,52.51564
13.36942,52.51568
13.36972,52.5157
13.36972,52.5157